Mean Rank: 18, 3
Mean RR: 0.1212, 0.5048
Hit@1: 0.0098, 0.1384
Hit@3: 0.0915, 0.8676
Hit@5: 0.1800, 0.9259
Hit@10: 0.3820, 0.9660
2.934267520904541
2.1874754428863525
1.6755592823028564
2.4065475463867188
1.4884663820266724
1.913361668586731
1.2861825227737427
1.5208288431167603
1.167711615562439
1.1340069770812988
0.958621621131897
0.8729826807975769
0.7340499758720398
0.7291311025619507
0.685935378074646
0.6605019569396973
0.640578031539917
0.5693370699882507
0.5712890028953552
0.5568302869796753
0.5101386904716492
0.5008540749549866
0.4816417992115021
0.5144783854484558
0.4934651851654053
0.4664570391178131
0.4945928752422333
0.494594007730484
0.49405795335769653
0.5001479983329773
0.41431722044944763
0.44531282782554626
0.43517768383026123
0.4461964964866638
0.45103007555007935
0.4889290928840637
0.4403984546661377
0.45130008459091187
0.46133148670196533
0.46249672770500183
0.41358500719070435
0.43459993600845337
0.4248126745223999
0.46081116795539856
0.43719539046287537
0.45346537232398987
0.443342000246048
0.4489824175834656
0.42610716819763184
0.4436947703361511
0.42210960388183594
0.42894044518470764
0.43571069836616516
0.4177791476249695
0.4351233243942261
0.4613823890686035
0.42851686477661133
0.460548996925354
0.4692491888999939
0.45753517746925354
0.4080347418785095
0.3997196853160858
0.4280661344528198
0.42553389072418213
0.40348121523857117
0.4033687114715576
0.4150646924972534
0.44878843426704407
0.4573642313480377
0.4685978889465332
0.406626433134079
0.406616747379303
0.40313053131103516
0.4304189383983612
0.4160950481891632
0.43064138293266296
0.42760705947875977
0.40709036588668823
0.4355681240558624
0.45345064997673035
0.4161675274372101
0.3988571763038635
0.39342567324638367
0.43374741077423096
0.4219641387462616
0.39633193612098694
0.46591711044311523
0.4347479045391083
0.42849788069725037
0.4446239173412323
0.379413366317749
0.4174029529094696
0.408031702041626
0.4131489098072052
0.41009193658828735
0.4110371172428131
0.4296262264251709
0.42994385957717896
0.45721927285194397
0.4200346767902374
0.4410969614982605
0.3900923728942871
0.41504722833633423
0.4189109206199646
0.4247577488422394
0.43527474999427795
0.4106954038143158
0.4352070987224579
0.42422157526016235
0.42274901270866394
0.41657814383506775
0.38229379057884216
0.42208775877952576
0.4218365550041199
0.39531683921813965
0.41902589797973633
0.3995048701763153
0.3991694748401642
0.3896333873271942
0.41434067487716675
0.36732691526412964
0.4141920804977417
0.3951554000377655
0.38594481348991394
0.4052371084690094
0.3925378620624542
0.41399213671684265
0.43439963459968567
0.41993463039398193
0.41986024379730225
0.3709707260131836
0.3943237364292145
0.39782005548477173
0.38647085428237915
0.38730379939079285
0.38549289107322693
0.42100098729133606
0.43300604820251465
0.422505259513855
0.41234657168388367
0.3942413330078125
0.3899505138397217
0.40405240654945374
0.39319586753845215
0.37897127866744995
0.3788207471370697
0.36849361658096313
0.41394439339637756
0.4104165732860565
0.38947656750679016
0.3829664885997772
0.400271475315094
0.3726261258125305
0.39422622323036194
0.385555624961853
0.4167882204055786
0.3900914490222931
0.3998912572860718
0.39186206459999084
0.418261855840683
0.4000498950481415
0.39450985193252563
0.38099905848503113
0.3680304288864136
0.3791223168373108
0.4029539227485657
0.4119812846183777
0.402207612991333
0.37389281392097473
0.3990003168582916
0.37688711285591125
0.3872894048690796
0.4046822786331177
0.38686153292655945
0.3898566961288452
0.3718707859516144
0.38931483030319214
0.4029185175895691
0.40679845213890076
0.4039982557296753
0.3869531750679016
0.3804052770137787
0.3947361409664154
0.4189950227737427
0.3973288834095001
0.39270251989364624
0.40023067593574524
0.3771936893463135
0.40319105982780457
0.4113093316555023
0.38302215933799744
0.38793784379959106
0.3953991234302521
0.41135337948799133
0.3703029155731201
0.3994433283805847
0.40167945623397827
0.38379213213920593
0.4007969796657562
0.40883034467697144
0.3840358555316925
0.38183337450027466
0.3981137275695801
0.38956767320632935
0.3641583025455475
0.4059736728668213
0.39387446641921997
0.40234968066215515
0.40499910712242126
0.38742899894714355
0.3625149726867676
0.3821806311607361
0.3851964473724365
0.3915161192417145
0.39745938777923584
0.40594905614852905
0.3996924161911011
0.39611580967903137
0.39004507660865784
0.3969035744667053
0.38405728340148926
0.3696417808532715
0.36520281434059143
0.4028884768486023
0.38635045289993286
0.3874024748802185
0.3994632661342621
0.3975774645805359
0.38674941658973694
0.3974088728427887
0.3680386245250702
0.3844991624355316
0.38219931721687317
0.3987373113632202
0.38611552119255066
0.37316974997520447
0.39673343300819397
0.3967595398426056
0.3790915012359619
0.3857925534248352
0.3619944155216217
0.35741478204727173
0.39404746890068054
0.3821629285812378
0.35737770795822144
0.3809034526348114
0.4037196934223175
0.40370094776153564
0.3990550637245178
0.3976787328720093
0.3765775263309479
0.38035720586776733
0.37943848967552185
0.3836745619773865
0.4069308936595917
0.3871489465236664
0.37706801295280457
0.3933427035808563
0.40700098872184753
0.40146350860595703
0.3834879994392395
0.3969570994377136
0.3721930682659149
0.36510053277015686
0.393792062997818
0.3601452708244324
0.38767048716545105
0.3981163501739502
0.37810391187667847
0.394950270652771
0.38031983375549316
0.35510775446891785
0.3758153021335602
0.3849004805088043
0.38266897201538086
0.3934430778026581
0.36718422174453735
0.37375620007514954
0.3899957239627838
0.3610440194606781
0.37614625692367554
0.35991743206977844
0.37636035680770874
0.3824630379676819
0.39492878317832947
0.36998727917671204
0.38275301456451416
0.41803261637687683
0.3829023540019989
0.38610804080963135
0.3780251145362854
0.3523731827735901
0.38112324476242065
0.3635976016521454
0.35854122042655945
0.38495439291000366
0.40338021516799927
0.4020959734916687
0.40633609890937805
0.39717066287994385
0.3819514513015747
0.39069464802742004
0.4010910093784332
0.3783099353313446
0.3713345527648926
0.3817189633846283
0.38469862937927246
0.3952515721321106
0.3955807089805603
0.36907991766929626
0.36616671085357666
0.37146979570388794
0.3578758239746094
0.3793288469314575
0.3911517262458801
0.3905881345272064
0.38705697655677795
0.38256338238716125
0.37963539361953735
0.3799923360347748
0.3755417764186859
0.3869664669036865
0.3827204704284668
0.37854886054992676
0.36824309825897217
0.36476388573646545
0.39141395688056946
0.38894206285476685
0.39761537313461304
0.3855057656764984
0.3857850134372711
0.358652800321579
0.35917410254478455
0.3858615458011627
0.3898700773715973
0.3891608417034149
0.37534815073013306
0.3889141380786896
0.41795775294303894
0.39077138900756836
0.3644574284553528
0.38508710265159607
0.3978022634983063
0.37448829412460327
0.36578369140625
0.3731125593185425
0.39102962613105774
0.3633859157562256
0.3791414797306061
0.4085906744003296
0.3726915121078491
0.3796321451663971
0.3559814691543579
0.37263399362564087
0.3932152986526489
0.3811994791030884
0.40495455265045166
0.38600394129753113
0.37706246972084045
0.3915024697780609
0.36924314498901367
0.37554633617401123
0.3410181999206543
0.3614749610424042
0.3999467194080353
0.3781352639198303
0.3759465217590332
0.3930085599422455
0.3747529089450836
0.3727417588233948
0.3662283420562744
0.3887585997581482
0.37153151631355286
0.39295294880867004
0.37246137857437134
0.3853277862071991
0.3575327694416046
0.38237154483795166
0.382499098777771
0.3798812925815582
0.3647534251213074
0.3664505183696747
0.3636142611503601
0.3800283968448639
0.3746146559715271
0.3536079227924347
0.38875851035118103
0.3746683895587921
0.39992189407348633
0.4104531407356262
0.3553890883922577
0.3609849810600281
0.3929404318332672
0.3625509440898895
0.369716078042984
0.37352052330970764
0.3753412663936615
0.38961103558540344
0.3575073480606079
0.38520127534866333
0.3436512351036072
0.3738943636417389
0.36393171548843384
0.3914763927459717
0.35785990953445435
0.3862350583076477
0.3977467119693756
0.37309151887893677
0.3742145895957947
0.4006461501121521
0.35540780425071716
0.3805180490016937
0.36659514904022217
0.37819361686706543
0.37281909584999084
0.36321327090263367
0.38210299611091614
0.38836780190467834
0.3935154676437378
0.3785759508609772
0.36314207315444946
0.35731226205825806
0.36041396856307983
0.3595944046974182
0.37750983238220215
0.36809492111206055
0.3361886143684387
0.37871503829956055
0.42414262890815735
0.3914506435394287
0.33297866582870483
0.3454807996749878
0.35876521468162537
0.34271034598350525
0.38226407766342163
0.39323651790618896
0.37575629353523254
0.3767857849597931
0.4111109673976898
0.3851005434989929
0.36197802424430847
0.38166549801826477
0.3534906208515167
0.3776433765888214
0.3965758979320526
0.36141321063041687
0.4026988744735718
0.3608747720718384
0.3958396315574646
0.3761802613735199
0.3804185390472412
0.3611784279346466
0.36733153462409973
0.3467903733253479
0.3879489302635193
0.3766719698905945
0.3469046652317047
0.36953261494636536
0.40059736371040344
0.3767341077327728
0.36105892062187195
0.3489982485771179
0.3651924729347229
0.3743671774864197
0.35152387619018555
0.3626762330532074
0.4004049003124237
0.36882033944129944
0.3699515461921692
0.38673973083496094
0.3528014123439789
0.3561094105243683
0.3729609251022339
0.37751924991607666
0.3631556034088135
0.37235280871391296
0.38572922348976135
0.36994680762290955
0.36215677857398987
0.3783460557460785
0.34873026609420776
0.3668089807033539
0.36715859174728394
0.3688562214374542
0.3759274482727051
0.37693098187446594
0.3486602306365967
0.3579946458339691
0.38511350750923157
0.3882956802845001
0.3549586236476898
0.3515755832195282
0.3656913638114929
0.37176236510276794
0.36535871028900146
0.36749914288520813
0.3753778636455536
0.3808886408805847
0.38768061995506287
0.37336647510528564
0.3475016951560974
0.3733442425727844
0.3931550979614258
0.3535410463809967
0.3562045991420746
0.3667801022529602
0.38981160521507263
0.3804636001586914
0.3587915599346161
0.3873617649078369
0.3767595589160919
0.37200692296028137
0.37196236848831177
0.3563230335712433
0.35944080352783203
0.36672040820121765
0.3571522831916809
0.364858478307724
0.3842405080795288
0.36626511812210083
0.36223700642585754
0.3722933232784271
0.3646429777145386
0.35693052411079407
0.37850862741470337
0.36819666624069214
0.37060293555259705
0.36324453353881836
0.38934171199798584
0.37601789832115173
0.3672166168689728
0.347333699464798
0.3680669069290161
0.3646823763847351
0.35793912410736084
0.3867056369781494
0.38139039278030396
0.37821826338768005
0.3799419105052948
0.37368667125701904
0.3928271532058716
0.3590766489505768
0.3542245626449585
0.34497570991516113
0.3976273834705353
0.36992147564888
0.3663841187953949
0.3848932683467865
0.3763718008995056
0.37054523825645447
0.3620198667049408
0.35567280650138855
0.3403782248497009
0.38703784346580505
0.37247028946876526
0.3722095489501953
0.37763509154319763
0.36706820130348206
0.3533463776111603
0.39568305015563965
0.3385651409626007
0.35824817419052124
0.34914037585258484
0.3745042383670807
0.3853115141391754
0.3634651005268097
0.3824000954627991
0.37270620465278625
0.391975462436676
0.37396109104156494
0.34107136726379395
0.35489407181739807
0.34966322779655457
0.3750782012939453
0.38576123118400574
0.3585716485977173
0.3703180253505707
0.38645514845848083
0.37758901715278625
0.3637814223766327
0.3553011119365692
0.3590441644191742
0.3881206214427948
0.3571775555610657
0.3579295873641968
0.35599178075790405
0.3805633783340454
0.3409305512905121
0.39007964730262756
0.3889853060245514
0.3649732768535614
0.365957111120224
0.35331490635871887
0.38498207926750183
0.3656148612499237
0.3645239472389221
0.39864876866340637
0.3661034107208252
0.37291741371154785
0.3748922348022461
0.3586978018283844
0.373751163482666
0.3684995770454407
0.35263410210609436
0.37111419439315796
0.3878982961177826
0.36976197361946106
0.3720414936542511
0.3759423494338989
0.3638891279697418
0.3559197783470154
0.3527960479259491
0.36198657751083374
0.36514997482299805
0.3735056221485138
0.36708730459213257
0.39060914516448975
0.3634434640407562
0.36816543340682983
0.36542561650276184
0.3694900572299957
0.36597761511802673
0.36075183749198914
0.3552995026111603
0.37154608964920044
0.3752411901950836
0.35276931524276733
0.3672733008861542
0.39804545044898987
0.37361687421798706
0.3614889085292816
0.36028140783309937
0.36291059851646423
0.3436276912689209
0.36629220843315125
0.387308269739151
0.3782559931278229
0.3432180881500244
0.39824143052101135
0.37622085213661194
0.3670659363269806
0.3686816096305847
0.3652682602405548
0.34802868962287903
0.34540706872940063
0.3772452771663666
0.35980939865112305
0.3645753264427185
0.371192991733551
0.3810234069824219
0.33533430099487305
0.3673475980758667
0.3647725284099579
0.3599289059638977
0.3688936233520508
0.38688769936561584
0.38688910007476807
0.397264301776886
0.3622989058494568
0.36356496810913086
0.3599991798400879
0.3601980209350586
0.3482580780982971
0.34606441855430603
0.3759838342666626
0.38632410764694214
0.3749585747718811
0.37170174717903137
0.3775160014629364
0.3949698507785797
0.3626064956188202
0.3718019425868988
0.3542337119579315
0.36147791147232056
0.36097943782806396
0.39239442348480225
0.351767361164093
0.3799339234828949
0.36710163950920105
0.38055598735809326
0.3585716187953949
0.360286146402359
0.3396455645561218
0.3710446059703827
0.37845996022224426
0.38483574986457825
0.37018683552742004
0.3700091540813446
0.38523486256599426
0.35545817017555237
0.3717517554759979
0.38353481888771057
0.35744914412498474
0.3551822602748871
0.3645625412464142
0.3689018189907074
0.3571455776691437
0.36518463492393494
0.3514353930950165
0.3611306846141815
0.3430260121822357
0.3641669750213623
0.36575642228126526
0.37376222014427185
0.3691389560699463
0.38202041387557983
0.3766030967235565
0.3656596541404724
0.378933310508728
0.3653973639011383
0.3466702103614807
0.3673490881919861
0.34707343578338623
0.36449331045150757
0.3569578528404236
0.35639306902885437
0.35554593801498413
0.39736685156822205
0.3712092339992523
0.3661309480667114
0.34444665908813477
0.37590235471725464
0.33824533224105835
0.37649500370025635
0.374896377325058
0.3742254078388214
0.38346585631370544
0.3764774203300476
0.3731596767902374
0.35964566469192505
0.3727338910102844
0.3428307771682739
0.35144123435020447
0.35796409845352173
0.34899404644966125
0.36765387654304504
0.37966474890708923
0.38053059577941895
0.37769749760627747
0.37864822149276733
0.34485939145088196
0.3533898591995239
0.35050123929977417
0.3634246289730072
0.3789106607437134
0.37135836482048035
0.3683106303215027
0.3533872961997986
0.3787005841732025
0.36875423789024353
0.3566514551639557
0.3636624217033386
0.37075138092041016
0.35889673233032227
0.35464179515838623
0.3940267562866211
0.3633959889411926
0.38780537247657776
0.36190342903137207
0.3822247385978699
0.34972313046455383
0.36370399594306946
0.3507794439792633
0.38001689314842224
0.36704275012016296
0.34584546089172363
0.3606983423233032
0.3697131872177124
0.38584813475608826
0.37221187353134155
0.34774184226989746
0.34449976682662964
0.3678227365016937
0.35945215821266174
0.3900385797023773
0.35472390055656433
0.3624870777130127
0.36479800939559937
0.3722720742225647
0.36353540420532227
0.35524553060531616
0.35982921719551086
0.35725414752960205
0.35020989179611206
0.369405597448349
0.37340250611305237
0.38729408383369446
0.38458964228630066
0.3867579996585846
0.365715354681015
0.3431590795516968
0.3695821464061737
0.357012003660202
0.3666726350784302
0.3538398742675781
0.3785810172557831
0.3708398640155792
0.38252922892570496
0.34723159670829773
0.36899563670158386
0.3662872314453125
0.36180737614631653
0.34942805767059326
0.36270833015441895
0.3603263795375824
0.3700672388076782
0.37055641412734985
0.36692410707473755
0.36717942357063293
0.36116719245910645
0.3687926232814789
0.3626366853713989
0.3830333948135376
0.38146719336509705
0.39053449034690857
0.36402255296707153
0.36608970165252686
0.3498784303665161
0.3655213713645935
0.4045834243297577
0.3637230098247528
0.37531498074531555
0.34038597345352173
0.358329176902771
0.3697490990161896
0.3638319969177246
0.38127052783966064
0.3647126853466034
0.3893188536167145
0.36216631531715393
0.3778199553489685
0.3632873594760895
0.3614862263202667
0.34538978338241577
0.36300116777420044
0.37033194303512573
0.35019057989120483
0.3806420862674713
0.35290059447288513
0.3740949332714081
0.36032819747924805
0.3635551333427429
0.33602675795555115
0.3735194802284241
0.3621646761894226
0.3852865695953369
0.3626598119735718
0.36756256222724915
0.35204651951789856
0.36128273606300354
0.36555972695350647
0.34924450516700745
0.353158563375473
0.363887757062912
0.37121590971946716
0.3656352758407593
0.37658169865608215
0.3649245500564575
0.3829130530357361
0.365834504365921
0.36869093775749207
0.3889176845550537
0.39190128445625305
0.3465401828289032
0.3731204867362976
0.3658548891544342
0.3563436269760132
0.3647788166999817
0.36296913027763367
0.37319910526275635
0.345598965883255
0.3543667197227478
0.37193989753723145
0.35226038098335266
0.3788650929927826
0.3741583228111267
0.3512841761112213
0.3883292078971863
0.37426191568374634
0.37247002124786377
0.33633244037628174
0.3850537836551666
0.3496243953704834
0.36214008927345276
0.34981101751327515
0.3584694266319275
0.3632785677909851
0.398040235042572
0.3803863525390625
0.37826499342918396
0.36438021063804626
0.34313666820526123
0.35070478916168213
0.37421882152557373
0.3665298819541931
0.3679622411727905
0.37169307470321655
0.37961700558662415
0.35124093294143677
0.37624451518058777
0.3566313087940216
0.35318365693092346
0.3419155478477478
0.3723567724227905
0.34638819098472595
0.36990296840667725
0.3694305121898651
0.36404597759246826
0.402268648147583
0.37489160895347595
0.34401795268058777
0.3623778522014618
0.3436916172504425
0.3727152347564697
0.3717021346092224
0.35946181416511536
0.3930712342262268
0.3510335385799408
0.3622285723686218
0.3511645197868347
0.35939735174179077
0.3415073752403259
0.3438754081726074
0.3405723571777344
0.3733047544956207
0.36393240094184875
0.37441015243530273
0.34545499086380005
0.3737899363040924
0.38028743863105774
0.35237011313438416
0.35165148973464966
0.35295650362968445
0.36552539467811584
0.35051536560058594
0.3720816969871521
0.3440784215927124
0.3762275278568268
0.3906230628490448
0.36356690526008606
0.3564203679561615
0.34853315353393555
0.37227797508239746
0.3628941774368286
0.3443413972854614
0.3451140224933624
0.3566773533821106
0.3880382180213928
0.35681888461112976
0.3849359452724457
0.34918317198753357
0.35266149044036865
0.3528957664966583
0.36518654227256775
0.3769628703594208
0.3582304120063782
0.3642664849758148
0.34099069237709045
0.36706629395484924
0.37589460611343384
0.3591799736022949
0.36372068524360657
0.3366236090660095
0.358481228351593
0.3705490529537201
0.3855447471141815
0.36847811937332153
0.3615715801715851
0.3413463532924652
0.36988237500190735
0.34423205256462097
0.37871524691581726
0.34318459033966064
0.3565813899040222
0.37079745531082153
0.3524579107761383
0.3541181683540344
0.3617439866065979
0.3518312871456146
0.38391169905662537
0.3544634282588959
0.3342576324939728
0.3694983720779419
0.35253041982650757
0.33558785915374756
0.3932464122772217
0.3605218231678009
0.35389450192451477
0.3622837960720062
0.3546856939792633
0.3697929382324219
0.3416558504104614
0.3440258204936981
0.35368409752845764
0.34235358238220215
0.3862333595752716
0.35818424820899963
0.3678321838378906
0.35752636194229126
0.37260183691978455
