Mean Rank: 12, 2
Mean RR: 0.2291, 0.7950
Hit@1: 0.0855, 0.6740
Hit@3: 0.2194, 0.9002
Hit@5: 0.3540, 0.9402
Hit@10: 0.6029, 0.9675
0.7017181515693665
0.7010575532913208
0.6991407871246338
0.6973220109939575
0.6958560943603516
0.6945120096206665
0.6924988627433777
0.6896470189094543
0.683379590511322
0.6734925508499146
0.6566169261932373
0.642231285572052
0.6255066394805908
0.6072571277618408
0.5982665419578552
0.573918342590332
0.5664971470832825
0.5449489951133728
0.5411266088485718
0.5211348533630371
0.5043538212776184
0.49260908365249634
0.47442638874053955
0.47083768248558044
0.4700275659561157
0.45010966062545776
0.443726509809494
0.4313375651836395
0.4143544137477875
0.40067702531814575
0.37514054775238037
0.371732622385025
0.364773690700531
0.36136120557785034
0.3487527668476105
0.34876030683517456
0.33868443965911865
0.31589359045028687
0.3130289912223816
0.31777679920196533
0.29701530933380127
0.29180288314819336
0.2887900769710541
0.2882145941257477
0.275765061378479
0.28361088037490845
0.28489506244659424
0.2694912850856781
0.27567362785339355
0.2747536599636078
0.2626727819442749
0.2708452343940735
0.2620523273944855
0.26244866847991943
0.255772203207016
0.25212180614471436
0.2450949251651764
0.2510676681995392
0.2609094977378845
0.24458378553390503
0.2558238208293915
0.2401755154132843
0.24288409948349
0.24122706055641174
0.23990307748317719
0.24921372532844543
0.24292969703674316
0.24781836569309235
0.24004290997982025
0.24811014533042908
0.234921395778656
0.22768531739711761
0.2489752620458603
0.2369413524866104
0.2377804070711136
0.23114028573036194
0.24374908208847046
0.23868833482265472
0.23949339985847473
0.23480001091957092
0.22527003288269043
0.23317167162895203
0.23178790509700775
0.23474983870983124
0.22857257723808289
0.2298368513584137
0.23364916443824768
0.2347097098827362
0.23288166522979736
0.23207025229930878
0.2208181917667389
0.22938990592956543
0.21871814131736755
0.23274636268615723
0.2288893163204193
0.23107755184173584
0.2303626984357834
0.22740375995635986
0.22357171773910522
0.2212148904800415
0.2231157124042511
0.2228102684020996
0.2232573926448822
0.22611840069293976
0.22087952494621277
0.22191467881202698
0.2228700816631317
0.22539463639259338
0.23076869547367096
0.2266232669353485
0.21914754807949066
0.22061887383460999
0.2271237075328827
0.2146163284778595
0.21704068779945374
0.22018834948539734
0.21895305812358856
0.2159404754638672
0.22802352905273438
0.21957413852214813
0.21325357258319855
0.2178819477558136
0.21560955047607422
0.2172238528728485
0.22490642964839935
0.22331857681274414
0.21802476048469543
0.2173985242843628
0.217886283993721
0.22028204798698425
0.21681398153305054
0.22218307852745056
0.21669086813926697
0.21569839119911194
0.22083188593387604
0.22133100032806396
0.2179524302482605
0.21226418018341064
0.2180221676826477
0.2249983549118042
0.21850571036338806
0.21671593189239502
0.22086751461029053
0.21546050906181335
0.21845388412475586
0.21737316250801086
0.21669305860996246
0.21685084700584412
0.2218398153781891
0.21024873852729797
0.21238136291503906
0.21367789804935455
0.21070314943790436
0.2102188915014267
0.214541494846344
0.21617214381694794
0.21986013650894165
0.21566659212112427
0.20899300277233124
0.2212965041399002
0.2184021919965744
0.21186554431915283
0.2174724042415619
0.21345028281211853
0.21468743681907654
0.21310032904148102
0.20896033942699432
0.2136611044406891
0.21191175282001495
0.2150978296995163
0.21207496523857117
0.21456798911094666
0.2200201153755188
0.2133471518754959
0.20918743312358856
0.21346206963062286
0.21113049983978271
0.22009199857711792
0.2163390964269638
0.21038630604743958
0.20999237895011902
0.2108064889907837
0.2070920467376709
0.2112596035003662
0.21302442252635956
0.21538615226745605
0.20960843563079834
0.21412068605422974
0.21484428644180298
0.21295896172523499
0.20816081762313843
0.206880584359169
0.21212679147720337
0.213592529296875
0.21087044477462769
0.2110811322927475
0.2112044095993042
0.21698865294456482
0.21430644392967224
0.2075803279876709
0.21011114120483398
0.21222445368766785
0.21220430731773376
0.21357059478759766
0.21694150567054749
0.20957688987255096
0.20888113975524902
0.21275563538074493
0.20894017815589905
0.20970867574214935
0.20891207456588745
0.20807117223739624
0.21272987127304077
0.214117169380188
0.21387594938278198
0.20743072032928467
0.20715907216072083
0.20246237516403198
0.22088295221328735
0.21093250811100006
0.21593604981899261
0.2144901603460312
0.20732906460762024
0.20970365405082703
0.20886968076229095
0.20618930459022522
0.21057993173599243
0.221076101064682
0.20436280965805054
0.2119378000497818
0.20759308338165283
0.20925173163414001
0.20837141573429108
0.21273751556873322
0.2074873447418213
0.2118300050497055
0.20798583328723907
0.21296074986457825
0.21279221773147583
0.20689554512500763
0.2162945717573166
0.2087186872959137
0.2161126732826233
0.2142767757177353
0.20891569554805756
0.20506076514720917
0.20607954263687134
0.20876574516296387
0.2091120481491089
0.21146245300769806
0.2129286527633667
0.20690646767616272
0.20438909530639648
0.20557105541229248
0.20683950185775757
0.2064339816570282
0.2150498628616333
0.20944753289222717
0.20916900038719177
0.2044147253036499
0.20594416558742523
0.20713305473327637
0.21057750284671783
0.20931187272071838
0.21179726719856262
0.20576904714107513
0.20943798124790192
0.2118835747241974
0.20431271195411682
0.20880430936813354
0.20855173468589783
0.20574790239334106
0.2105187177658081
0.2072743922472
0.20689994096755981
0.20418129861354828
0.212457075715065
0.2056920975446701
0.20802338421344757
0.20516429841518402
0.20713207125663757
0.20817029476165771
0.20568984746932983
0.20580381155014038
0.20743584632873535
0.2107076197862625
0.20462584495544434
0.20693105459213257
0.2075098752975464
0.20502081513404846
0.20638002455234528
0.203837588429451
0.20472005009651184
0.21237412095069885
0.20202377438545227
0.20992286503314972
0.2059975266456604
0.20450012385845184
0.20824557542800903
0.21393859386444092
0.21285101771354675
0.20683830976486206
0.20611965656280518
0.21061033010482788
0.20944717526435852
0.2160681188106537
0.20588237047195435
0.20564834773540497
0.20692679286003113
0.20912209153175354
0.20442257821559906
0.2085040956735611
0.20730260014533997
0.2110348641872406
0.20720729231834412
0.20660340785980225
0.2077033817768097
0.204329252243042
0.20840224623680115
0.20789700746536255
0.20318251848220825
0.20399095118045807
0.20817749202251434
0.20972196757793427
0.20809949934482574
0.20903614163398743
0.20212897658348083
0.2077813446521759
0.20701202750205994
0.2075730264186859
0.20717480778694153
0.2059062421321869
0.20346617698669434
0.2085767239332199
0.2058098316192627
0.20703324675559998
0.2093871533870697
0.20455271005630493
0.2073589414358139
0.20101308822631836
0.20120185613632202
0.20932579040527344
0.20388911664485931
0.21252454817295074
0.20323753356933594
0.20997728407382965
0.20449425280094147
0.206704244017601
0.20858857035636902
0.20492234826087952
0.2035183310508728
0.2132490873336792
0.20917928218841553
0.20487543940544128
0.2052387148141861
0.20270702242851257
0.20856457948684692
0.20472702383995056
0.20429354906082153
0.20336495339870453
0.20340809226036072
0.20676277577877045
0.20975729823112488
0.20173527300357819
0.20525848865509033
0.20439085364341736
0.2027890980243683
0.20881235599517822
0.2104504555463791
0.20425839722156525
0.20269125699996948
0.20660340785980225
0.20435230433940887
0.20423118770122528
0.20511050522327423
0.20657379925251007
0.21197202801704407
0.20638246834278107
0.20555628836154938
0.2104053497314453
0.20591282844543457
0.2099509835243225
0.20413219928741455
0.203016459941864
0.2006099671125412
0.20484186708927155
0.20184093713760376
0.20923152565956116
0.19939720630645752
0.20654428005218506
0.20486736297607422
0.20397037267684937
0.20656409859657288
0.2065182626247406
0.20396746695041656
0.19950370490550995
0.20486724376678467
0.20416821539402008
0.20868425071239471
0.20102423429489136
0.20576076209545135
0.20269910991191864
0.19943809509277344
0.20352065563201904
0.20401251316070557
0.20971539616584778
0.20096808671951294
0.20399801433086395
0.21047821640968323
0.2048313319683075
0.20752835273742676
0.20161116123199463
0.19976592063903809
0.20660093426704407
0.2087792307138443
0.20409885048866272
0.2043946087360382
0.20673306286334991
0.20086288452148438
0.20223011076450348
0.2027510106563568
0.19978241622447968
0.20452404022216797
0.20665410161018372
0.20427675545215607
0.20228251814842224
0.20811158418655396
0.20059682428836823
0.20437264442443848
0.20455814898014069
0.2047613263130188
0.20584720373153687
0.2019028663635254
0.20423781871795654
0.2021615207195282
0.20540332794189453
0.20192891359329224
0.20624694228172302
0.20396676659584045
0.2072983831167221
0.20472685992717743
0.20280936360359192
0.2077299803495407
0.20715399086475372
0.20490384101867676
0.2037157118320465
0.20569464564323425
0.20329304039478302
0.20659127831459045
0.2055841088294983
0.20195907354354858
0.20130661129951477
0.2060319185256958
0.2019205540418625
0.20746539533138275
0.2107592076063156
0.19956795871257782
0.20386895537376404
0.20005080103874207
0.20155462622642517
0.19852691888809204
0.20496058464050293
0.20403853058815002
0.20056220889091492
0.20198071002960205
0.2063150703907013
0.200598806142807
0.2073434442281723
0.20462125539779663
0.20558355748653412
0.19952009618282318
0.20465609431266785
0.20184838771820068
0.20157751441001892
0.20504973828792572
0.20455995202064514
0.20665565133094788
0.20726504921913147
0.20283372700214386
0.2065863311290741
0.20122966170310974
0.20729602873325348
0.20593872666358948
0.19848507642745972
0.20275917649269104
0.20179425179958344
0.20454339683055878
0.2041950523853302
0.2053026258945465
0.20985287427902222
0.20595115423202515
0.2012086808681488
0.20578999817371368
0.20331154763698578
0.2039012610912323
0.20275548100471497
0.20150187611579895
0.2004946619272232
0.20326554775238037
0.2078792154788971
0.20225510001182556
0.2023627609014511
0.19899404048919678
0.2005096673965454
0.2039412558078766
0.2018948793411255
0.20316298305988312
0.20314869284629822
0.20497064292430878
0.20635363459587097
0.2026662975549698
0.20457065105438232
0.20291495323181152
0.20027506351470947
0.2032482624053955
0.20002560317516327
0.20494765043258667
0.20439743995666504
0.20486417412757874
0.20569217205047607
0.20030862092971802
0.2016696184873581
0.20273838937282562
0.19933217763900757
0.20493349432945251
0.20144838094711304
0.19892743229866028
0.20407766103744507
0.20427845418453217
0.20828494429588318
0.2012273371219635
0.19956770539283752
0.20094358921051025
0.20441928505897522
0.20468011498451233
0.20327520370483398
0.1986297369003296
0.2027357518672943
0.20177921652793884
0.2010408639907837
0.20039275288581848
0.20455756783485413
0.2096226066350937
0.19826894998550415
0.20879504084587097
0.20044751465320587
0.20194780826568604
0.19923296570777893
0.2005910873413086
0.20360778272151947
0.20004314184188843
0.20330184698104858
0.20548638701438904
0.20495596528053284
0.20001986622810364
0.20581777393817902
0.20353823900222778
0.20655709505081177
0.2031162679195404
0.20110267400741577
0.2010314166545868
0.2006225883960724
0.2065068781375885
0.19870662689208984
0.20025509595870972
0.20389848947525024
0.20007087290287018
0.2043866515159607
0.20575734972953796
0.20330050587654114
0.19978511333465576
0.2041296660900116
0.2058582901954651
0.20216768980026245
0.19714561104774475
0.20108695328235626
0.20654132962226868
0.20194463431835175
0.19985747337341309
0.20034556090831757
0.20081280171871185
0.20373374223709106
0.20454801619052887
0.1981956660747528
0.20405256748199463
0.20218448340892792
0.19754724204540253
0.20651355385780334
0.2043910175561905
0.19965240359306335
0.20399868488311768
0.20190772414207458
0.19693061709403992
0.2009761929512024
0.19744500517845154
0.2035941630601883
0.20573359727859497
0.2045467495918274
0.20146331191062927
0.2031477838754654
0.20533278584480286
0.20354317128658295
0.19903358817100525
0.20317593216896057
0.2000095248222351
0.19837750494480133
0.20091558992862701
0.2032320201396942
0.20297586917877197
0.19829872250556946
0.2046060860157013
0.1998215764760971
0.19889844954013824
0.20719000697135925
0.1976633369922638
0.2034062296152115
0.1993463635444641
0.20190906524658203
0.20482027530670166
0.20060965418815613
0.20069435238838196
0.19894573092460632
0.20253363251686096
0.19882619380950928
0.20108488202095032
0.20064100623130798
0.2035348117351532
0.20267802476882935
0.20291315019130707
0.2029792070388794
0.19889411330223083
0.19943466782569885
0.2008746713399887
0.20398443937301636
0.19563493132591248
0.20147587358951569
0.19716963171958923
0.20701277256011963
0.2018308937549591
0.20426610112190247
0.20069903135299683
0.20151838660240173
0.2045680731534958
0.19908249378204346
0.2027244120836258
0.19914329051971436
0.19898006319999695
0.19805918633937836
0.20523914694786072
0.20614275336265564
0.20251469314098358
0.1996433138847351
0.2032671719789505
0.20527489483356476
0.20242458581924438
0.19559523463249207
0.19941474497318268
0.20130056142807007
0.20411258935928345
0.19781193137168884
0.2038695514202118
0.20250262320041656
0.20598962903022766
0.19706203043460846
0.20056314766407013
0.19827449321746826
0.2022387981414795
0.20037871599197388
0.20051085948944092
0.20684216916561127
0.20534858107566833
0.20193368196487427
0.20274677872657776
0.20562270283699036
0.1990240216255188
0.20009958744049072
0.20221395790576935
0.20035578310489655
0.19832655787467957
0.20652054250240326
0.20490357279777527
0.2037907838821411
0.20231427252292633
0.19653840363025665
0.19891583919525146
0.19844287633895874
0.20473840832710266
0.20302467048168182
0.19819429516792297
0.1963261365890503
0.20227603614330292
0.19679024815559387
0.19649802148342133
0.20269829034805298
0.20093098282814026
0.1998790055513382
0.20442567765712738
0.20042648911476135
0.2022913694381714
0.20098350942134857
0.2001577764749527
0.20172442495822906
0.19974848628044128
0.20601095259189606
0.194795161485672
0.19975127279758453
0.19938574731349945
0.19872558116912842
0.198682501912117
0.20499484241008759
0.20249229669570923
0.19940778613090515
0.2009594738483429
0.19769971072673798
0.19903062283992767
0.19993408024311066
0.20132237672805786
0.20170357823371887
0.2049700915813446
0.20042309165000916
0.20078253746032715
0.20125390589237213
0.19878193736076355
0.20109456777572632
0.19681593775749207
0.20293530821800232
0.19652940332889557
0.2015305757522583
0.20148774981498718
0.2002076506614685
0.19624817371368408
0.1962791085243225
0.20175904035568237
0.2072802633047104
0.2037232518196106
0.19629479944705963
0.20052370429039001
0.20108260214328766
0.19826319813728333
0.20252972841262817
0.1984802782535553
0.20235300064086914
0.20233073830604553
0.19893944263458252
0.20580559968948364
0.1969175487756729
0.20229315757751465
0.20105788111686707
0.19744715094566345
0.19551324844360352
0.20020116865634918
0.19637450575828552
0.20247124135494232
0.1963372826576233
0.19835516810417175
0.20094779133796692
0.20136505365371704
0.1938762068748474
0.1992516815662384
0.2027266025543213
0.1984129548072815
0.2010064274072647
0.1976102888584137
0.2037111222743988
0.2023806869983673
0.19791239500045776
0.19965654611587524
0.19894562661647797
0.1963491588830948
0.1984056532382965
0.19656705856323242
0.20134946703910828
0.19771330058574677
0.20114144682884216
0.19727402925491333
0.19779165089130402
0.20231032371520996
0.20125965774059296
0.19671465456485748
0.1990175098180771
0.20172853767871857
0.20004457235336304
0.1972891092300415
0.19653694331645966
0.20000365376472473
0.20103344321250916
0.2001485377550125
0.1980127990245819
0.20165184140205383
0.20039056241512299
0.1963079571723938
0.20448768138885498
0.19289590418338776
0.20528297126293182
0.19838650524616241
0.19924454391002655
0.19826164841651917
0.19867537915706635
0.20484450459480286
0.20147904753684998
0.1951877623796463
0.2001248449087143
0.20235979557037354
0.2032332718372345
0.20409120619297028
0.20530295372009277
0.1958385407924652
0.2001023292541504
0.19638226926326752
0.19978240132331848
0.19560638070106506
0.19610294699668884
0.19797417521476746
0.20438802242279053
0.19896858930587769
0.20105308294296265
0.19819562137126923
0.20327526330947876
0.19930320978164673
0.20023220777511597
0.2020079493522644
0.20295435190200806
0.2026612013578415
0.198175847530365
0.20010776817798615
0.1977175772190094
0.195852130651474
0.2024562805891037
0.1996748149394989
0.19707925617694855
0.20285958051681519
0.19896362721920013
0.19794060289859772
0.19965986907482147
0.20341339707374573
0.200496107339859
0.19699466228485107
0.20254620909690857
0.1932903528213501
0.19966185092926025
0.20009338855743408
0.2015129178762436
0.20177173614501953
0.19630581140518188
0.20384392142295837
0.20256976783275604
0.19709017872810364
0.20194537937641144
0.1966058760881424
0.19931630790233612
0.20167067646980286
0.1953302025794983
0.20057255029678345
0.20008301734924316
0.19672062993049622
0.19544056057929993
0.19897903501987457
0.19857053458690643
0.19868716597557068
0.199607253074646
0.19649028778076172
0.20111814141273499
0.1997377574443817
0.19909627735614777
0.1998097151517868
0.20067140460014343
0.2015378773212433
0.19357651472091675
0.19649864733219147
0.20241478085517883
0.20617586374282837
0.2016201615333557
0.19704098999500275
0.2003386914730072
0.20136085152626038
0.20206137001514435
0.20013949275016785
0.19333387911319733
0.2013036608695984
0.19722892343997955
0.2023211121559143
0.19455179572105408
0.20098626613616943
0.20075994729995728
0.20128117501735687
0.19316911697387695
0.19714564085006714
0.19647720456123352
0.19904035329818726
0.20287922024726868
0.19615688920021057
0.20269429683685303
0.2039840668439865
0.20339800417423248
0.2011432945728302
0.19468806684017181
0.19580136239528656
0.19951355457305908
0.1979980766773224
0.19548764824867249
0.1962617039680481
0.19493693113327026
0.1986560821533203
0.20514649152755737
0.20257899165153503
0.19635769724845886
0.1982966661453247
0.20387907326221466
0.19994676113128662
0.19979743659496307
0.1961180865764618
0.19569456577301025
0.19850799441337585
0.20019209384918213
0.19935142993927002
0.19810502231121063
0.19389010965824127
0.20028246939182281
0.19748638570308685
0.19939610362052917
0.20020386576652527
0.1911461055278778
0.20106402039527893
0.20064793527126312
0.19768309593200684
0.20088090002536774
0.19834113121032715
0.20000718533992767
0.19868433475494385
0.2015753835439682
0.1946522742509842
0.19481974840164185
0.20132455229759216
0.19621782004833221
0.19887104630470276
0.20274344086647034
0.1994551420211792
0.19910915195941925
0.2045198678970337
0.20068517327308655
0.19987753033638
0.19424383342266083
0.19671495258808136
0.1959977149963379
0.2021651268005371
0.20049981772899628
0.2025853395462036
0.1967412233352661
0.19836962223052979
0.19735421240329742
0.2007835954427719
0.20236730575561523
0.20061075687408447
0.19551679491996765
0.1965346783399582
0.19449374079704285
0.1947367787361145
0.19751513004302979
0.2058933526277542
0.19847120344638824
0.19784827530384064
0.19997338950634003
0.19758924841880798
0.1992313712835312
0.196309432387352
0.20034846663475037
0.1986604481935501
0.19980350136756897
0.1970551311969757
0.1961250603199005
0.19687122106552124
0.19815510511398315
0.196568101644516
0.1983042061328888
0.2007547914981842
0.20040231943130493
0.20004285871982574
0.1992901861667633
0.19765865802764893
0.19735577702522278
0.20177237689495087
0.19821275770664215
0.19594469666481018
0.1978885978460312
0.19539906084537506
0.1927262395620346
0.19628331065177917
0.20463162660598755
0.19835694134235382
0.1994645893573761
0.19649967551231384
0.2015407681465149
0.19836412370204926
0.19335445761680603
0.19600363075733185
0.20145736634731293
0.1987099051475525
0.19731314480304718
0.20236267149448395
0.19985580444335938
