Mean Rank: 15, 5
Mean RR: 0.2081, 0.6649
Hit@1: 0.0696, 0.5015
Hit@3: 0.2186, 0.7980
Hit@5: 0.3283, 0.8442
Hit@10: 0.5431, 0.8911
6.171651363372803
6.202143669128418
10.78917407989502
7.902061462402344
5.93350887298584
5.477556228637695
4.414007663726807
3.2171597480773926
2.6198601722717285
2.134772300720215
1.7869856357574463
1.4762934446334839
1.3875285387039185
1.6531298160552979
1.304802656173706
0.8583117127418518
1.0434569120407104
0.903362512588501
0.9425687789916992
0.6601120233535767
0.7523062229156494
0.48384997248649597
0.48956120014190674
0.45517775416374207
0.46138083934783936
0.47126320004463196
0.4886389374732971
0.448350191116333
0.5007489919662476
0.4171900749206543
0.35121750831604004
0.28636664152145386
0.2703074812889099
0.3449091911315918
0.33047640323638916
0.19888435304164886
0.308758020401001
0.46085700392723083
0.38537532091140747
0.310238242149353
0.24879811704158783
0.18961144983768463
0.18507996201515198
0.2756633162498474
0.1711605191230774
0.20259316265583038
0.17360809445381165
0.18763478100299835
0.18778295814990997
0.1674642264842987
0.22660228610038757
0.1642240285873413
0.19603565335273743
0.21760673820972443
0.1702408641576767
0.1669897586107254
0.11345470696687698
0.15474066138267517
0.18647317588329315
0.14672690629959106
0.10336937755346298
0.1294879913330078
0.0881362184882164
0.10930021852254868
0.16032174229621887
0.13623064756393433
0.12370263040065765
0.11339586973190308
0.1459326446056366
0.18062928318977356
0.11879054456949234
0.11276009678840637
0.14024849236011505
0.11969372630119324
0.12621554732322693
0.10475452989339828
0.08332344889640808
0.11465420573949814
0.1377241164445877
0.08059872686862946
0.10261373221874237
0.06723596155643463
0.07089096307754517
0.05266604945063591
0.08420702815055847
0.12376828491687775
0.14461085200309753
0.11645014584064484
0.12360446155071259
0.11200370639562607
0.11063193529844284
0.10218857228755951
0.07218751311302185
0.06319397687911987
0.0807810127735138
0.12129756808280945
0.06973959505558014
0.11231307685375214
0.09774279594421387
0.0878918394446373
