Mean Rank: 41, 31
Mean RR: 0.0920, 0.1428
Hit@1: 0.0250, 0.0522
Hit@3: 0.0756, 0.1339
Hit@5: 0.1097, 0.1989
Hit@10: 0.2095, 0.3290
9.156800270080566
8.962995529174805
8.824506759643555
8.603143692016602
8.733019828796387
9.059599876403809
8.627180099487305
8.48027229309082
8.619049072265625
8.684405326843262
8.427206993103027
8.239053726196289
8.348411560058594
8.305536270141602
8.272296905517578
8.209095001220703
8.155121803283691
8.234273910522461
8.141220092773438
8.256210327148438
7.971410274505615
8.063935279846191
8.128022193908691
8.074723243713379
8.072151184082031
7.975415229797363
7.796483039855957
8.090879440307617
7.822107315063477
7.909911155700684
7.789684295654297
7.77691125869751
7.825826168060303
7.630160331726074
7.7256879806518555
7.868268013000488
7.761793613433838
7.748294830322266
7.5716447830200195
7.523349761962891
7.575453758239746
7.695486068725586
7.5842132568359375
7.523542404174805
7.5767822265625
7.489009857177734
7.459453582763672
7.31257963180542
7.596127986907959
7.385985851287842
7.419816970825195
7.398178577423096
7.26724910736084
7.341015815734863
7.455061912536621
7.247119903564453
7.420454978942871
7.3474345207214355
7.276437759399414
7.199341773986816
7.2424774169921875
7.182884216308594
7.1495771408081055
7.082381725311279
7.177744388580322
7.206965446472168
7.1255669593811035
7.080874443054199
7.097015380859375
7.1167497634887695
7.0466413497924805
6.9325690269470215
6.899684906005859
7.083434581756592
7.180856227874756
6.918145179748535
7.012954235076904
6.87626314163208
6.978263854980469
7.170181751251221
7.049147605895996
7.094352722167969
7.062515735626221
6.882672309875488
6.798211097717285
6.795751094818115
6.96521520614624
6.877727508544922
6.803586006164551
6.907215118408203
6.91939640045166
6.783437728881836
6.999718189239502
6.83167839050293
6.890511512756348
6.74304723739624
6.809516906738281
6.621577262878418
6.470741271972656
6.665605545043945
