Mean Rank: 24, 9
Mean RR: 0.1043, 0.4769
Hit@1: 0.0159, 0.3411
Hit@3: 0.0658, 0.5439
Hit@5: 0.1309, 0.6354
Hit@10: 0.2806, 0.7595
0.6951380968093872
0.6979244947433472
0.6985054612159729
0.7007079720497131
0.6978721618652344
0.6894955039024353
0.6824421882629395
0.6639704704284668
0.646986186504364
0.6301531195640564
0.5938071012496948
0.5960873961448669
0.5778657793998718
0.5823660492897034
0.5710639953613281
0.5766226649284363
0.5632205605506897
0.5535401701927185
0.5598676204681396
0.5476453304290771
0.5378069281578064
0.5432022213935852
0.5310791730880737
0.531557559967041
0.5285763144493103
0.510723888874054
0.5320749282836914
0.49674472212791443
0.5132653117179871
0.50148606300354
0.47097864747047424
0.47951653599739075
0.4810689389705658
0.4585801959037781
0.4644017219543457
0.4745822846889496
0.45966991782188416
0.4661805331707001
0.45606839656829834
0.4597484767436981
0.43739157915115356
0.4386787414550781
0.44030776619911194
0.43267711997032166
0.4465428292751312
0.45343998074531555
0.4308846890926361
0.43057507276535034
0.4516468942165375
0.41394805908203125
0.43757712841033936
0.44193482398986816
0.41188549995422363
0.42588725686073303
0.4272632300853729
0.4242273271083832
0.42468035221099854
0.4578622281551361
0.4405592978000641
0.4305969178676605
0.447146475315094
0.4136506915092468
0.4511340260505676
0.4253186285495758
0.43221333622932434
0.42371904850006104
0.4288254678249359
0.4195435047149658
0.39896923303604126
0.4360337555408478
0.4415394961833954
0.4240455627441406
0.42933836579322815
0.4004853069782257
0.44780683517456055
0.40934354066848755
0.44347453117370605
0.4260968267917633
0.43493181467056274
0.4091130793094635
0.4024617373943329
0.4394429922103882
0.422372430562973
0.4079011380672455
0.41517460346221924
0.42864400148391724
0.41321247816085815
0.42545875906944275
0.43161091208457947
0.42706388235092163
0.43592506647109985
0.4278026819229126
0.4158020615577698
0.4309387803077698
0.41523534059524536
0.42505601048469543
0.4224035143852234
0.41167208552360535
0.4204896092414856
0.4134262502193451
0.43094056844711304
0.4165041744709015
0.4025445878505707
0.4178594946861267
0.39064908027648926
0.42200323939323425
0.418612539768219
0.4219348132610321
0.43375223875045776
0.4519006013870239
0.40797701478004456
0.4167870581150055
0.4073256254196167
0.4281960725784302
0.41901928186416626
0.37149563431739807
0.42544126510620117
0.4099583029747009
0.41351673007011414
0.42312487959861755
0.4404110610485077
0.4164874255657196
0.41220372915267944
0.4218725264072418
0.4269520342350006
0.39268729090690613
0.40218067169189453
0.40297749638557434
0.41541343927383423
0.41008222103118896
0.4391743242740631
0.3996407985687256
0.4020932614803314
0.4462847411632538
0.42907050251960754
0.44660675525665283
0.39703673124313354
0.39615797996520996
0.39639440178871155
0.4143712520599365
0.3829815089702606
0.4232408404350281
0.4150903522968292
0.42527422308921814
0.39051464200019836
0.3974079489707947
0.4090619683265686
0.39876264333724976
0.4057442545890808
0.4269404411315918
0.404654324054718
0.42163974046707153
0.39047881960868835
0.42528271675109863
0.41683828830718994
0.38894030451774597
0.41448646783828735
0.4112238883972168
0.4171387553215027
0.4386043846607208
0.4257970452308655
0.41318339109420776
0.42026835680007935
0.4296679198741913
0.3981732428073883
0.3936562240123749
0.42317429184913635
0.4124319851398468
0.3892804682254791
0.41961610317230225
0.4045909643173218
0.37690338492393494
0.4206598401069641
0.389370858669281
0.41118890047073364
0.41341981291770935
0.41539105772972107
0.38458573818206787
0.426944762468338
0.4439270496368408
0.41880103945732117
0.4188583493232727
0.41722866892814636
0.40785905718803406
0.3768506348133087
0.3944123387336731
0.39621883630752563
0.4133121967315674
0.4072343111038208
0.43466001749038696
0.41418761014938354
0.4153527319431305
0.4368716776371002
0.4027588963508606
0.41565200686454773
0.4043772518634796
0.40615272521972656
0.4272267520427704
0.39489907026290894
0.4127309322357178
0.40764084458351135
0.4196033775806427
0.42296409606933594
0.40732884407043457
0.4109549820423126
0.39278581738471985
0.41146135330200195
0.4066392779350281
0.40598490834236145
0.41453927755355835
0.4059879183769226
0.39906418323516846
0.4007079303264618
0.4198147654533386
0.4061504304409027
0.4112294018268585
0.4287567734718323
0.4136885404586792
0.39763301610946655
0.39983153343200684
0.3903196156024933
0.413326233625412
0.38915061950683594
0.409046471118927
0.4248819351196289
0.4233224391937256
0.4270596206188202
0.4058198928833008
0.4036392569541931
0.4058608412742615
0.4226074516773224
0.41256093978881836
0.4134194552898407
0.39767199754714966
0.39161282777786255
0.3939501643180847
0.4120784103870392
0.4166994094848633
0.3955550789833069
0.41324737668037415
0.4106625020503998
0.4039086699485779
0.4084356129169464
0.3959968686103821
0.3942781686782837
0.4366878569126129
0.42007285356521606
0.4018869698047638
0.40822720527648926
0.4256664216518402
0.4067867696285248
0.436288446187973
0.3960783779621124
0.4144831597805023
0.41274622082710266
0.39506763219833374
0.4028388559818268
0.4052947759628296
0.401521235704422
0.430061399936676
0.39331844449043274
0.42144203186035156
0.4081776738166809
0.41929569840431213
0.406240850687027
0.4130328297615051
0.3968697786331177
0.4139796495437622
0.41799890995025635
0.4202241897583008
0.4087091088294983
0.4103637933731079
0.39582183957099915
0.4179050624370575
0.4181068241596222
0.40484216809272766
0.387300968170166
0.400091290473938
0.4148685932159424
0.414458304643631
0.4221329987049103
0.40111562609672546
0.43152445554733276
0.3847605586051941
0.39117521047592163
0.4025484025478363
0.4214783310890198
0.3999154269695282
0.3979450464248657
0.4047953188419342
0.3759382963180542
0.3907369077205658
0.40769049525260925
0.41023343801498413
0.3990432620048523
0.40014326572418213
0.42049410939216614
0.4087323546409607
0.40287908911705017
0.4138665199279785
0.39744362235069275
0.413755863904953
0.4079286456108093
0.3956203758716583
0.40072906017303467
0.4286131262779236
0.4229770302772522
0.408217191696167
0.41575607657432556
0.3960992395877838
0.3939613401889801
0.37939733266830444
0.3947056829929352
0.42188456654548645
0.4169175922870636
0.39425984025001526
0.4240473508834839
0.38761064410209656
0.40403059124946594
0.39804765582084656
0.4421578645706177
0.4087255597114563
0.3882504403591156
0.38360220193862915
0.38397830724716187
0.38271135091781616
0.41054025292396545
0.3949252665042877
0.42469584941864014
0.4246911406517029
0.41383153200149536
0.4149082899093628
0.40188711881637573
0.38725146651268005
0.4030205309391022
0.40132758021354675
0.4080876410007477
0.40358567237854004
0.3871539235115051
0.3996846079826355
0.4114305377006531
0.3806789219379425
0.4137754738330841
0.39354240894317627
0.40690556168556213
0.41440701484680176
0.3729797899723053
0.39124661684036255
0.40444883704185486
0.3908427953720093
0.3809488117694855
0.4075988829135895
0.39301085472106934
0.43502017855644226
0.3984827399253845
0.4025517702102661
0.4010043144226074
0.4165227711200714
0.41387882828712463
0.40207773447036743
0.384353369474411
0.435995489358902
0.4067453145980835
0.39695417881011963
0.38786712288856506
0.41814911365509033
0.396462619304657
0.4270426630973816
0.4091854989528656
0.39685729146003723
0.3879101574420929
0.3949493169784546
0.4016304016113281
0.3841410279273987
0.3837166428565979
0.4170536994934082
0.3899846374988556
0.3814851939678192
0.4081158936023712
0.40147098898887634
0.38371843099594116
0.3815698027610779
0.4064994752407074
0.40213486552238464
0.3939940929412842
0.402201771736145
0.40639615058898926
0.4211741089820862
0.40564191341400146
0.38070032000541687
0.3973117470741272
0.4009163975715637
0.4062258005142212
0.38574737310409546
0.39159759879112244
0.3784639239311218
0.3975055515766144
0.4037087559700012
0.377060204744339
0.38321250677108765
0.3967186212539673
0.3899781107902527
0.40251782536506653
0.4027307331562042
0.40865156054496765
0.40101101994514465
0.38639503717422485
0.4111361503601074
0.3918212354183197
0.3856695890426636
0.39009425044059753
0.3938687741756439
0.4215754270553589
0.37358421087265015
0.4045848548412323
0.3941152095794678
0.3910774290561676
0.3720344007015228
0.40187251567840576
0.40831688046455383
0.37892091274261475
0.39728185534477234
0.3764280378818512
0.39718103408813477
0.3925013244152069
0.38589826226234436
0.4141610860824585
0.4025317430496216
0.4157296121120453
0.4143398702144623
0.39018651843070984
0.3952331840991974
0.4112512469291687
0.3887220025062561
0.37948939204216003
0.3869205713272095
0.3914220929145813
0.37503451108932495
0.4181761145591736
0.41881927847862244
0.3890480697154999
0.3722520172595978
0.4028632938861847
0.3718756437301636
0.4156129062175751
0.4114375114440918
0.40872886776924133
0.39661213755607605
0.40177884697914124
0.40821826457977295
0.3997325301170349
0.39604467153549194
0.4133915603160858
0.38814806938171387
0.37926897406578064
0.40536490082740784
0.38349077105522156
0.37041333317756653
0.3786875009536743
0.3974599540233612
0.3921791613101959
0.4224741756916046
0.36442720890045166
0.3950556814670563
0.41933512687683105
0.4105761647224426
0.4017150402069092
0.3920690715312958
0.39529722929000854
0.4010990858078003
0.39833709597587585
0.3952733874320984
0.3923020660877228
0.3922193646430969
0.4015760123729706
0.39322125911712646
0.38071075081825256
0.4218170642852783
0.3895528316497803
0.3925083577632904
0.37522703409194946
0.38394051790237427
0.37105995416641235
0.41454142332077026
0.4127102494239807
0.3895619511604309
0.40862175822257996
0.39694270491600037
0.4117225706577301
0.38316595554351807
0.40591806173324585
0.40063899755477905
0.4126152992248535
0.3868391811847687
0.40186047554016113
0.39851677417755127
0.41848546266555786
0.3812081813812256
0.3822765648365021
0.419683039188385
0.36911261081695557
0.3950998783111572
0.3860572874546051
0.4102521538734436
0.3995811343193054
0.3983590602874756
0.3898078501224518
0.3880806565284729
0.3835259974002838
0.3995223939418793
0.4066612720489502
0.39572978019714355
0.40144452452659607
0.3860667049884796
0.3816085755825043
0.4106752276420593
0.40046530961990356
0.4092486500740051
0.4053051769733429
0.3818387985229492
0.404771625995636
0.4057835042476654
0.4005383551120758
0.38454893231391907
0.3828786015510559
0.3738457262516022
0.38348880410194397
0.3910500407218933
0.40817713737487793
0.40722528100013733
0.40520042181015015
0.39085182547569275
0.3981579840183258
0.38947105407714844
0.3730735778808594
0.3709685504436493
0.39180633425712585
0.3880423307418823
0.376110702753067
0.412782222032547
0.3888416886329651
0.385874480009079
0.39204350113868713
0.3931935429573059
0.4265223741531372
0.36542245745658875
0.36988377571105957
0.40259140729904175
0.39444631338119507
0.3844947814941406
0.4053526520729065
0.3673658072948456
0.39717650413513184
0.4228963851928711
0.3994460105895996
0.3953256607055664
0.4022131562232971
0.40996211767196655
0.3900499641895294
0.4104062616825104
0.4091317653656006
0.3913918435573578
0.3702101409435272
0.37728506326675415
0.39061734080314636
0.3930860757827759
0.40506279468536377
0.3860982656478882
0.39306527376174927
0.4236922562122345
0.40356042981147766
0.36870908737182617
0.39585649967193604
0.39014744758605957
0.3968316614627838
0.3983636200428009
0.3903861939907074
0.39013102650642395
0.4178115725517273
0.39842838048934937
0.3842310607433319
0.39043503999710083
0.39841827750205994
0.38610491156578064
0.39533838629722595
0.3961978852748871
0.39368611574172974
0.39598214626312256
0.41824984550476074
0.3999606966972351
0.3984699845314026
0.40321144461631775
0.393824964761734
0.3798072040081024
0.4115334451198578
0.4045166075229645
0.397705078125
0.37747228145599365
0.3931370973587036
0.40769079327583313
0.38970640301704407
0.40054962038993835
0.3894045948982239
0.40419358015060425
0.3988489508628845
0.3871455192565918
0.40227460861206055
0.3955203890800476
0.4083123803138733
0.40480998158454895
0.40497976541519165
0.4091131091117859
0.39516666531562805
0.39120006561279297
0.3845423460006714
0.39714884757995605
0.3975622355937958
0.3847290575504303
0.4109596014022827
0.4065890610218048
0.39042526483535767
0.3699185848236084
0.39848023653030396
0.3804335296154022
0.3964836597442627
0.3984287679195404
0.39621448516845703
0.4056755006313324
0.36616936326026917
0.40965545177459717
0.3839285969734192
0.39642074704170227
0.3788287937641144
0.37236398458480835
0.39590558409690857
0.40576454997062683
0.39447104930877686
0.4145950675010681
0.3861437439918518
0.4099326729774475
0.3980826139450073
0.3998045027256012
0.4078802764415741
0.4077304005622864
0.39872434735298157
0.408143550157547
0.38150471448898315
0.38019049167633057
0.4115963578224182
0.3918341398239136
0.37952572107315063
0.36489298939704895
0.39801153540611267
0.38147464394569397
0.38892295956611633
0.3774975538253784
0.4124665856361389
0.40599316358566284
0.3879208266735077
0.41965794563293457
0.4000571370124817
0.3954688012599945
0.38123202323913574
0.3708074390888214
0.40146616101264954
0.3968487083911896
0.4029746949672699
0.4103441834449768
0.407228946685791
0.39257702231407166
0.4160502552986145
0.3603716790676117
0.4078558087348938
0.3766056299209595
0.3670518696308136
0.3849037289619446
0.36988523602485657
0.37107914686203003
0.40140092372894287
0.37018871307373047
0.3587813675403595
0.38977357745170593
0.3807606101036072
0.37868234515190125
0.3887934684753418
0.3838200867176056
0.3885551393032074
0.3958716094493866
0.3822050392627716
0.403591513633728
0.4013739824295044
0.40120747685432434
0.3658696115016937
0.3870237469673157
0.38088810443878174
0.40286985039711
0.40270084142684937
0.3964945077896118
0.3775918185710907
0.3946475088596344
0.3831350803375244
0.3763156235218048
0.39889344573020935
0.3921339809894562
0.3741883933544159
0.403881698846817
0.3973885476589203
0.3900946378707886
0.3924950063228607
0.40230244398117065
0.40577638149261475
0.37455666065216064
0.3788377344608307
0.39223331212997437
0.38294699788093567
0.4005030393600464
0.40560808777809143
0.37885788083076477
0.3781752288341522
0.3906993269920349
0.37588804960250854
0.3847508132457733
0.38599449396133423
0.39249753952026367
0.397836297750473
0.4063947796821594
0.39252322912216187
0.408592164516449
0.3990652561187744
0.388820081949234
0.3779575824737549
0.3963983654975891
0.3984827995300293
0.38971149921417236
0.3835395574569702
0.38991302251815796
0.3797008991241455
0.3989971876144409
0.3928702473640442
0.39836230874061584
0.40950673818588257
0.3743850886821747
0.38796287775039673
0.40765810012817383
0.4031769633293152
0.4054160416126251
0.38923218846321106
0.398150771856308
0.40359073877334595
0.4050229489803314
0.3956739902496338
0.39136362075805664
0.39793145656585693
0.38211846351623535
0.41482725739479065
0.38813289999961853
0.3783769905567169
0.4096047580242157
0.39907974004745483
0.38665077090263367
0.35627278685569763
0.39143285155296326
0.3803754448890686
0.41082051396369934
0.40952354669570923
0.40447109937667847
0.3866274952888489
0.3937002718448639
0.390480101108551
0.386172354221344
0.40383750200271606
0.4012633264064789
0.39041274785995483
0.39016520977020264
0.3879854083061218
0.3799175024032593
0.3769639730453491
0.3970361351966858
0.3921220302581787
0.38407883048057556
0.3964534103870392
0.39903634786605835
0.37645411491394043
0.3775379955768585
0.40565022826194763
0.40016183257102966
0.38610926270484924
0.3705703616142273
0.39684975147247314
0.3982122540473938
0.40314781665802
0.37868499755859375
0.3989397883415222
0.39337655901908875
0.3720323145389557
0.3975258469581604
0.38771915435791016
0.36066874861717224
0.3818139433860779
0.3974343538284302
0.40191006660461426
0.39119309186935425
0.391099214553833
0.3785017430782318
0.3950856924057007
0.37759456038475037
0.373141348361969
0.38100239634513855
0.39278948307037354
0.39720791578292847
0.3617245554924011
0.39666852355003357
0.3880476951599121
0.4016755521297455
0.38557225465774536
0.3899742662906647
0.4078539311885834
0.4202698767185211
0.393006294965744
0.3852141499519348
0.3822536766529083
0.3838967978954315
0.40973106026649475
0.3943024277687073
0.38579902052879333
0.3798173666000366
0.40660277009010315
0.40154772996902466
0.39914143085479736
0.4168981909751892
0.3912065625190735
0.39530062675476074
0.3608817756175995
0.39352062344551086
0.3943142294883728
0.4088934361934662
0.37898531556129456
0.3875124752521515
0.38171616196632385
0.4026074707508087
0.409891277551651
0.38490232825279236
0.38029468059539795
0.3909754753112793
0.37846073508262634
0.37872281670570374
0.3919086456298828
0.3797782361507416
0.38957658410072327
0.39967402815818787
0.4015299081802368
0.39009538292884827
0.4017145335674286
0.3895494341850281
0.4055078625679016
0.4080743193626404
0.3763601779937744
0.4059642255306244
0.400350421667099
0.37056344747543335
0.3999413847923279
0.39788368344306946
0.4056006669998169
0.37109971046447754
0.40162619948387146
0.3862188458442688
0.4079696238040924
0.37844350934028625
0.3764977753162384
0.39749768376350403
0.39505159854888916
0.38770878314971924
0.39610520005226135
0.36471736431121826
0.3776529133319855
0.38827571272850037
0.3789626955986023
0.4062424898147583
0.41037267446517944
0.39364880323410034
0.3949905037879944
0.3913220465183258
0.3858902156352997
0.39143580198287964
0.3858921229839325
0.39353612065315247
0.38661566376686096
0.40008923411369324
0.38976916670799255
0.3822251558303833
0.4003385007381439
0.36534199118614197
0.3860749304294586
0.391144722700119
0.4126172661781311
0.38833940029144287
0.3899692893028259
0.3835633397102356
0.38960355520248413
0.3939764201641083
0.38086411356925964
0.3834814429283142
0.3874575197696686
0.39477071166038513
0.42991670966148376
0.36676526069641113
0.39823195338249207
0.3845036029815674
0.40416470170021057
0.3784804344177246
0.3724280297756195
0.3795244097709656
0.39533209800720215
0.38790780305862427
0.3824598789215088
0.38471275568008423
0.3767727315425873
0.4120138883590698
0.41609111428260803
0.3720690608024597
0.39304572343826294
0.38170450925827026
0.3951275646686554
0.3893197178840637
0.3850976824760437
0.3892734944820404
0.38663384318351746
0.39014241099357605
0.3868708908557892
0.40360957384109497
0.3834465444087982
0.3745877146720886
0.3977726697921753
0.39844152331352234
0.377189576625824
0.3879634737968445
0.39833128452301025
0.41023707389831543
0.3992398977279663
0.3880387842655182
0.39089760184288025
0.38461628556251526
0.3856963515281677
0.39537739753723145
0.37918350100517273
0.38254019618034363
0.4025999903678894
0.40020743012428284
0.37596461176872253
0.4023606777191162
0.383025586605072
0.38492196798324585
0.37974342703819275
0.3993217945098877
0.4004908800125122
0.3844982385635376
0.36783021688461304
0.39427733421325684
0.37629061937332153
0.4049968719482422
0.4025135338306427
0.389788955450058
0.3807468116283417
0.4107791483402252
0.40148937702178955
0.3699242174625397
0.3990461528301239
0.3841242492198944
0.3890702426433563
0.38483262062072754
0.39576321840286255
0.39930662512779236
0.381132572889328
0.4048531949520111
0.39493507146835327
0.3825811445713043
0.42860764265060425
0.38795167207717896
0.3864378333091736
0.37693309783935547
0.3534547686576843
0.3968657851219177
0.3914184868335724
0.38905835151672363
0.4002845287322998
0.37983983755111694
0.3879747986793518
0.3921952247619629
0.38617920875549316
0.3956645429134369
0.3956385552883148
0.3926817774772644
0.35935044288635254
0.35845816135406494
0.38030925393104553
0.3666110634803772
0.37430623173713684
0.4151938259601593
0.403739333152771
0.3711863160133362
