Mean Rank: 12, 2
Mean RR: 0.2264, 0.8782
Hit@1: 0.0749, 0.7943
Hit@3: 0.2405, 0.9569
Hit@5: 0.3691, 0.9773
Hit@10: 0.6029, 0.9879
2.011281967163086
1.5883615016937256
1.3402659893035889
1.0707838535308838
0.9970771074295044
0.8157109618186951
0.9059690237045288
0.7231763005256653
0.7354915142059326
0.5965532064437866
0.5547916889190674
0.5960272550582886
0.5588931441307068
0.4804503917694092
0.5173119902610779
0.44616907835006714
0.5285714268684387
0.3971049189567566
0.4821658730506897
0.4081873297691345
0.3359483480453491
0.36692386865615845
0.4073163866996765
0.3938847780227661
0.3370640277862549
0.29859399795532227
0.3476690948009491
0.30999401211738586
0.2851297855377197
0.28856542706489563
0.2701139450073242
0.25849613547325134
0.26212406158447266
0.18895810842514038
0.2538531422615051
0.2236732393503189
0.21074651181697845
0.23273403942584991
0.22457124292850494
0.26776158809661865
0.20359697937965393
0.18768835067749023
0.28765594959259033
0.2374921441078186
0.24024643003940582
0.1894095242023468
0.22018957138061523
0.18360042572021484
0.1666778326034546
0.1963825523853302
0.2165142297744751
0.19842922687530518
0.21339967846870422
0.21229007840156555
0.15317128598690033
0.19691622257232666
0.16162705421447754
0.1540122777223587
0.16871976852416992
0.18381810188293457
0.15224967896938324
0.14700263738632202
0.1772838532924652
0.1830749809741974
0.16826270520687103
0.1346948742866516
0.2197570651769638
0.1472884714603424
0.21118873357772827
0.14335520565509796
0.14923609793186188
0.12539878487586975
0.18404224514961243
0.17571324110031128
0.19736263155937195
0.2021084874868393
0.14044755697250366
0.15964454412460327
0.13889867067337036
0.16047191619873047
0.17007555067539215
0.14719811081886292
0.16929949820041656
0.1799127161502838
0.19872111082077026
0.1052890494465828
0.14652100205421448
0.11995960772037506
0.15694472193717957
0.12178391218185425
0.15559998154640198
0.17078907787799835
0.1486627161502838
0.14248228073120117
0.1570291668176651
0.17435382306575775
0.15070250630378723
0.12554213404655457
0.14310424029827118
0.14557859301567078
0.16464278101921082
0.13127177953720093
0.11248902976512909
0.13309219479560852
0.12037676572799683
0.15369775891304016
0.12766362726688385
0.1699514091014862
0.14149224758148193
0.13538148999214172
0.1464766263961792
0.13932543992996216
0.16309316456317902
0.14274877309799194
0.08015073835849762
0.15178081393241882
0.10526874661445618
0.11261872202157974
0.12172156572341919
0.13356034457683563
0.1411585807800293
0.11461282521486282
0.1366783231496811
0.10395244508981705
0.17002931237220764
0.12119591236114502
0.2123062014579773
0.10875406861305237
0.11451755464076996
0.1401815265417099
0.08708921819925308
0.11409664154052734
0.1444002091884613
0.23344479501247406
0.12084367871284485
0.09344367682933807
0.14070208370685577
0.11781713366508484
0.11272304505109787
0.11396737396717072
0.13949799537658691
0.11405210196971893
0.12111638486385345
0.12540608644485474
0.10109557211399078
0.10818202048540115
0.13707022368907928
0.12260577082633972
0.1331009566783905
0.12584373354911804
0.12991245090961456
0.10573212057352066
0.14795678853988647
0.0996142327785492
0.15748095512390137
0.11660516262054443
0.15340393781661987
0.10515730082988739
0.11427249014377594
0.13066905736923218
0.10862374305725098
0.12508606910705566
0.11020204424858093
0.11025866866111755
0.08314717561006546
0.10183960944414139
0.08350217342376709
0.09717734903097153
0.11374936997890472
0.12186771631240845
0.1793767213821411
0.08701042830944061
0.11724422872066498
0.12919653952121735
0.10946966707706451
0.0960429459810257
0.1548566073179245
0.11774388700723648
0.09167972207069397
0.10709293186664581
0.11525002121925354
0.08002384006977081
0.16012519598007202
0.09571263194084167
0.10907906293869019
0.10445977747440338
0.11839201301336288
0.1492101401090622
0.11209015548229218
0.1320987343788147
0.08966714143753052
0.13099795579910278
0.10996969789266586
0.08990050852298737
0.09961503744125366
0.09444072842597961
0.11213572323322296
0.08390777558088303
0.12490290403366089
0.1558946669101715
0.07303076982498169
0.13527736067771912
0.07780689001083374
0.0688304528594017
0.0856005996465683
0.0872373878955841
0.09842263162136078
0.14717644453048706
0.1480635404586792
0.07367049157619476
0.12860862910747528
0.15616333484649658
0.0921715646982193
0.0874229371547699
0.07545699179172516
0.15445536375045776
0.10170868039131165
0.1112164705991745
0.08802929520606995
0.10492198169231415
0.13721901178359985
0.07908617705106735
0.1083391085267067
0.13775289058685303
0.12872326374053955
0.07455551624298096
0.10523337125778198
0.08787009119987488
0.08192435652017593
0.10082079470157623
0.11470858752727509
0.1110270693898201
0.1467423290014267
0.07791446149349213
0.08957947790622711
0.14298349618911743
0.11594586074352264
0.13245335221290588
0.11020070314407349
0.14641764760017395
0.09888244420289993
0.10314376652240753
0.10484062135219574
0.12134194374084473
0.08499234169721603
0.09872563183307648
0.12217172235250473
0.124766506254673
0.11732876300811768
0.08508244156837463
0.0975467711687088
0.1228264719247818
0.10727845877408981
0.12342244386672974
0.059130437672138214
0.13347771763801575
0.0882866233587265
0.09570063650608063
0.05997534841299057
0.10008712857961655
0.0993427112698555
0.06870609521865845
0.10277172923088074
0.08402089774608612
0.09867960959672928
0.12855076789855957
0.07703731954097748
0.08830884099006653
0.12132197618484497
0.08055354654788971
0.0891532152891159
0.07934924215078354
0.08560322225093842
0.11224626004695892
0.09821588546037674
0.12054724991321564
0.07723841816186905
0.1013675257563591
0.07953350245952606
0.08289976418018341
0.08078081160783768
0.09604830294847488
0.0736972913146019
0.11125138401985168
0.09837599843740463
0.09887678176164627
0.0771828293800354
0.09287261962890625
0.10118572413921356
0.08665972948074341
0.062168821692466736
0.12009741365909576
0.10219234973192215
0.08327211439609528
0.07412199676036835
0.10995444655418396
0.07997194677591324
0.09433263540267944
0.1205252856016159
0.08099083602428436
0.07919970899820328
0.10349760949611664
0.12272930145263672
0.08791813999414444
0.10426260530948639
0.09100663661956787
0.13475534319877625
0.07252868264913559
0.06506097316741943
0.08606471121311188
0.08340217173099518
0.09244857728481293
0.10834366083145142
0.07950086891651154
0.12346558272838593
0.10138320922851562
0.0972757637500763
0.09273280203342438
0.07391601800918579
0.12897267937660217
0.06983481347560883
0.13329781591892242
0.09628526866436005
0.09251883625984192
0.09174877405166626
0.1224932074546814
0.07073304802179337
0.10196413099765778
0.08611111342906952
0.14917266368865967
0.10370603203773499
0.09438078105449677
0.07983871549367905
0.08767670392990112
0.09417649358510971
0.10513158142566681
0.11111129820346832
0.15329694747924805
0.07046641409397125
0.12216386198997498
0.09871403872966766
0.09074772149324417
0.10537146031856537
0.08254851400852203
0.1138077825307846
0.14330649375915527
0.10468317568302155
0.05991653352975845
0.09518131613731384
0.08900474011898041
0.07642336189746857
0.10623601078987122
0.09993167221546173
0.10326644778251648
0.1223289966583252
0.09978918731212616
0.0938548818230629
0.10574737191200256
0.06531870365142822
0.11622247099876404
0.09856744110584259
0.11260456591844559
0.1065630316734314
0.08356329798698425
0.109885573387146
0.08523624390363693
0.0997365415096283
0.10056377947330475
0.10156422853469849
0.1183600202202797
0.056935906410217285
0.08534789085388184
0.09035271406173706
0.09284591674804688
0.10974909365177155
0.09532707929611206
0.05977199971675873
0.08683866262435913
0.11196328699588776
0.10325890779495239
0.09768672287464142
0.11587521433830261
0.061895985156297684
0.1049993634223938
0.09774163365364075
0.09137973189353943
0.06741461157798767
0.11083280295133591
0.09247711300849915
0.09583038091659546
0.08708027750253677
0.07625527679920197
0.06061983108520508
0.11978946626186371
0.1188313364982605
0.12624220550060272
0.0812954306602478
0.08131731301546097
0.09982769191265106
0.09783922135829926
0.05627928674221039
0.09165666997432709
0.06721323728561401
0.11189143359661102
0.09959226846694946
0.09857584536075592
0.0901995375752449
0.1013823002576828
0.11070430278778076
0.0959475040435791
0.07749111950397491
0.09115965664386749
0.0700024962425232
0.12120877206325531
0.07692083716392517
0.08585947751998901
0.08354324102401733
0.05386912077665329
0.07706306874752045
0.06352432072162628
0.06772644817829132
0.07431688904762268
0.08122634887695312
0.07012572884559631
0.0800248384475708
0.06870949268341064
0.08956789970397949
0.10474521666765213
0.0460938923060894
0.106020987033844
0.07863351702690125
0.10933952033519745
0.09036576747894287
0.09832697361707687
0.08614818751811981
0.08868256211280823
0.09138339012861252
0.12041899561882019
0.09474381804466248
0.08475960791110992
0.09040883183479309
0.09216256439685822
0.1215706318616867
0.11470562219619751
0.10407990217208862
0.066597118973732
0.10596606135368347
0.08425327390432358
0.08031679689884186
0.07048571109771729
0.08273549377918243
0.06477169692516327
0.104582279920578
0.09135296940803528
0.06587542593479156
0.1150878518819809
0.09235300123691559
0.09827804565429688
0.07774974405765533
0.11334449052810669
0.09802894294261932
0.1052866280078888
0.10704396665096283
0.07991023361682892
0.0861077755689621
0.09745538234710693
0.08045122027397156
0.10688531398773193
0.09636278450489044
0.06324002146720886
0.11651387810707092
0.08678961545228958
0.09632912278175354
0.07779283821582794
0.10120442509651184
0.0737282782793045
0.09508153796195984
0.07113462686538696
0.0659344345331192
0.09946246445178986
0.07671152055263519
0.06860150396823883
0.07475674152374268
0.05530589818954468
0.08333005011081696
0.08754773437976837
0.1120968759059906
0.084772989153862
0.05803697928786278
0.07304543256759644
0.06963638961315155
0.1134941577911377
0.11651168763637543
0.10364079475402832
0.07131551206111908
0.07457982003688812
0.0970468744635582
0.0649838000535965
0.0837092399597168
0.12263108789920807
0.0386337973177433
0.07402000576257706
0.09143637120723724
0.0751405656337738
0.06642752885818481
0.10807569324970245
0.0868905782699585
0.10249866545200348
0.09931927919387817
0.11618278920650482
0.0620347298681736
0.09690305590629578
0.1293654441833496
0.0688663199543953
0.05695626139640808
0.09071860462427139
0.08007698506116867
0.0977921336889267
0.08703558146953583
0.11780933290719986
0.12908071279525757
0.08990798890590668
0.07933738082647324
0.09629178792238235
0.08708456158638
0.07516266405582428
0.05100459232926369
0.09318336844444275
0.09275980293750763
0.054593466222286224
0.04745756462216377
0.09102136641740799
0.04985333979129791
0.07787925004959106
0.08655977249145508
0.07230295240879059
0.07380227744579315
0.06044336035847664
0.06743626296520233
0.07895779609680176
0.0847163051366806
0.058003831654787064
0.07230095565319061
0.08861537277698517
0.07153832912445068
0.09439532458782196
0.11416320502758026
0.06361879408359528
0.08558483421802521
0.06489318609237671
0.08567078411579132
0.0935816690325737
0.08329790830612183
0.06743788719177246
0.10516324639320374
0.09338727593421936
0.11323884129524231
0.09549470245838165
0.1074872612953186
0.08170728385448456
0.10292400419712067
0.08819074928760529
0.08284949511289597
0.11061760038137436
0.11065609753131866
0.08801532536745071
0.1298518031835556
0.09855480492115021
0.08895977586507797
0.07677710056304932
0.08353210985660553
0.0900096744298935
0.061144743114709854
0.05536603182554245
0.056320492178201675
0.08447239547967911
0.08369064331054688
0.09077949821949005
0.0833984762430191
0.05629831925034523
0.07528859376907349
0.05994667485356331
0.06831787526607513
0.06119201332330704
0.08811266720294952
0.06682799756526947
0.07085771858692169
0.09820723533630371
0.11223137378692627
0.04358655586838722
0.08605103194713593
0.06668025255203247
0.07661814987659454
0.09257659316062927
0.08272775262594223
0.10783229768276215
0.08568879961967468
0.046803493052721024
0.061949774622917175
0.12062416970729828
0.0670728087425232
0.07084684073925018
0.05884198471903801
0.06577377021312714
0.06506817787885666
0.08582223951816559
0.05486176162958145
0.10769902169704437
0.10546576976776123
0.07320305705070496
0.061273783445358276
0.06102174147963524
0.06389959156513214
0.08439481258392334
0.11171446740627289
0.0656290054321289
0.10943711549043655
0.0721859484910965
0.08969056606292725
0.07629059255123138
0.09312083572149277
0.05630403012037277
0.06138436868786812
0.0793113261461258
0.09041741490364075
0.07721991837024689
0.10585515201091766
0.0850277841091156
0.10055403411388397
0.08603092283010483
0.06438091397285461
0.09280461072921753
0.07714372873306274
0.07413911819458008
0.09397605061531067
0.08790019899606705
0.05684923753142357
0.08369354158639908
0.06831195950508118
0.09205590933561325
0.07035528123378754
0.06859801709651947
0.072911836206913
0.07079043984413147
0.09811980277299881
0.08217409253120422
0.09655825793743134
0.07098472118377686
0.05964798107743263
0.09923945367336273
0.06323621422052383
0.07000263035297394
0.10936398804187775
0.08026248216629028
0.09938974678516388
0.06444819271564484
0.1104060634970665
0.0795726329088211
0.0882146954536438
0.08277710527181625
0.08555230498313904
0.06551390886306763
0.0816396027803421
0.11665067076683044
0.10596610605716705
0.08593182265758514
0.05451097711920738
0.10102203488349915
0.0817650854587555
0.05911386013031006
0.07415838539600372
0.03142900392413139
0.09598022699356079
0.07217153906822205
0.0599249042570591
0.09109188616275787
0.04718310013413429
0.08572002500295639
0.10544218868017197
0.09347566962242126
0.07521875202655792
0.094802126288414
0.0537414625287056
0.053190458565950394
0.09684357047080994
0.08651304244995117
0.09294252097606659
0.06350742280483246
0.12168999761343002
0.10175369679927826
0.09824797511100769
0.08993230760097504
0.06742977350950241
0.06267690658569336
0.06676483899354935
0.06882227957248688
0.06595553457736969
0.06787335872650146
0.07873481512069702
0.07906487584114075
0.06350408494472504
0.09303012490272522
0.062177374958992004
0.07710491120815277
0.057511791586875916
0.11353489011526108
0.06259997189044952
0.11670616269111633
0.15559914708137512
0.10219437628984451
0.05559990182518959
0.10721366107463837
0.04971487075090408
0.1088612824678421
0.09180989861488342
0.0787232518196106
0.08382683992385864
0.09277200698852539
0.045810624957084656
0.10619879513978958
0.08176970481872559
0.07002751529216766
0.08446618914604187
0.11376407742500305
0.07418273389339447
0.09599894285202026
0.06217481940984726
0.1152355968952179
0.06475239247083664
0.07724401354789734
0.08826111257076263
0.08117622882127762
0.08213387429714203
0.08902116119861603
0.09066783636808395
0.10857893526554108
0.062211647629737854
0.07623133063316345
0.06707270443439484
0.07190708816051483
0.11180257797241211
0.046337950974702835
0.05997379496693611
0.09110049903392792
0.08057203888893127
0.11409232765436172
0.08172433823347092
0.07426048815250397
0.08983010053634644
0.07042200863361359
0.07847589254379272
0.1059245765209198
0.10069648921489716
0.06490703672170639
0.06269242614507675
0.053589824587106705
0.09115459024906158
0.06841060519218445
0.07105261087417603
0.09090408682823181
0.06211778521537781
0.04989921674132347
0.13348466157913208
0.07390095293521881
0.08078300952911377
0.09385828673839569
0.10052184015512466
0.06916043162345886
0.08532796055078506
0.07801762223243713
0.10630153119564056
0.07116243243217468
0.06330830603837967
0.05475667491555214
0.054653145372867584
0.10321427881717682
0.06627313792705536
0.06103556603193283
0.08891771733760834
0.054839618504047394
0.08351654559373856
0.06945515424013138
0.08407212793827057
0.0734202191233635
0.08415494859218597
0.09006480872631073
0.06435303390026093
0.07772955298423767
0.06581176817417145
0.08915045857429504
0.07516638934612274
0.06099298968911171
0.10846123099327087
0.05317823588848114
0.08879318088293076
0.10792723298072815
0.05491510406136513
0.09613856673240662
0.08785094320774078
0.06443111598491669
0.09515438973903656
0.061364613473415375
0.08539583534002304
0.048772182315588
0.05149053409695625
0.10312223434448242
0.08298860490322113
0.06326247751712799
0.08629560470581055
0.09338702261447906
0.08268217742443085
0.11516686528921127
0.08211204409599304
0.09222523868083954
0.06521099805831909
0.11226607859134674
0.10356941819190979
0.0758790522813797
0.04190253093838692
0.07800690829753876
0.08977318555116653
0.05970052257180214
0.07934354245662689
0.05880986899137497
0.049966637045145035
0.07853442430496216
0.06991565972566605
0.05244947224855423
0.0968649685382843
0.11745724081993103
0.10403038561344147
0.08934871852397919
0.09247174859046936
0.040723372250795364
0.09047543257474899
0.08889587223529816
0.08246517181396484
0.1165628582239151
0.05017966032028198
0.06148165836930275
0.050234355032444
0.0706082358956337
0.09685025364160538
0.058911893516778946
0.0993923544883728
0.09021705389022827
0.1028079241514206
0.09933377802371979
0.07170338183641434
0.08036039769649506
0.06626217067241669
0.07337868213653564
0.0644935593008995
0.08363382518291473
0.0870896428823471
0.09548605978488922
0.1007523462176323
0.10388202965259552
0.08154980838298798
0.06728337705135345
0.07277053594589233
0.08836974948644638
0.09323924779891968
0.09520511329174042
0.10227768123149872
0.0809803232550621
0.07300877571105957
0.12287433445453644
0.0507565513253212
0.07334007322788239
0.08087962865829468
0.08978087455034256
0.07795558869838715
0.10470962524414062
0.06165439635515213
0.07510489970445633
0.06555267423391342
0.1147749051451683
0.07172790169715881
0.07517257332801819
0.03325306624174118
0.056149911135435104
0.11083447933197021
0.04847271740436554
0.11999650299549103
0.05317482724785805
0.07365476340055466
0.08094115555286407
0.07317621260881424
0.0758931040763855
0.07470687478780746
0.06923143565654755
0.0776156559586525
0.06045597791671753
0.056510090827941895
0.07935822010040283
0.08337926864624023
0.09565982222557068
0.09504415094852448
0.05009152740240097
0.0548069030046463
0.07009758055210114
0.06368807703256607
0.06091117858886719
0.1218705102801323
0.10406553745269775
0.09536480903625488
0.07229582220315933
0.11447519063949585
0.059462327510118484
0.07707422971725464
0.054760999977588654
0.1441788375377655
0.06113327294588089
0.08602634072303772
0.062219418585300446
0.08265070617198944
0.09425264596939087
0.05888264626264572
0.09773753583431244
0.05493436008691788
0.07524280250072479
0.0854627788066864
0.08647257089614868
0.07271681725978851
0.08209739625453949
0.09927205741405487
0.10412077605724335
0.06713059544563293
0.05814571678638458
0.0822804644703865
0.06185626983642578
0.07790185511112213
0.07815888524055481
0.08359427750110626
0.06610310077667236
0.055389028042554855
0.06267576664686203
0.0763721615076065
0.09620378911495209
0.024689238518476486
0.04969680681824684
0.09442688524723053
0.09400837868452072
0.05754413828253746
0.10497447848320007
0.05365654453635216
0.07994051277637482
0.08428583294153214
0.08389953523874283
0.0833733007311821
0.04129432514309883
0.07105191797018051
0.0698070079088211
0.06658795475959778
0.096555195748806
0.07811608165502548
0.08546549826860428
0.09074664115905762
0.07821820676326752
0.06375619769096375
0.08636622130870819
0.07473744451999664
0.07033905386924744
0.060674089938402176
0.07303237915039062
0.07733435183763504
0.08137118816375732
0.06905272603034973
0.08845332264900208
0.053887106478214264
0.08947113156318665
0.09563302993774414
0.052651964128017426
0.07606379687786102
0.07470324635505676
0.08410995453596115
0.07619953155517578
0.07129789143800735
0.07747839391231537
0.03609437495470047
0.05857222154736519
0.07810540497303009
0.0959865152835846
0.08501912653446198
0.05998875945806503
0.09087100625038147
0.06613492965698242
0.06141279265284538
0.08243878930807114
0.09192025661468506
0.05873012915253639
0.06916153430938721
0.06434565782546997
0.09287911653518677
0.0665535107254982
0.09796254336833954
0.10503752529621124
0.04377983883023262
0.07695195823907852
