Mean Rank: 17, 6
Mean RR: 0.1837, 0.5651
Hit@1: 0.0545, 0.3926
Hit@3: 0.1755, 0.6800
Hit@5: 0.3011, 0.7852
Hit@10: 0.5091, 0.8956
6.286246299743652
5.968161582946777
5.619678497314453
4.513514518737793
4.3227434158325195
3.729809045791626
4.036746025085449
3.4681642055511475
3.4438295364379883
2.7734744548797607
2.8767104148864746
2.7502427101135254
2.843061685562134
2.969066858291626
2.762950897216797
2.5765247344970703
2.3875646591186523
2.5031332969665527
2.618614435195923
2.5121800899505615
2.1163458824157715
2.027641534805298
2.3510520458221436
2.2373838424682617
2.300948143005371
2.4972825050354004
2.6314969062805176
2.285325527191162
2.1805005073547363
2.358607053756714
2.0699682235717773
2.1690032482147217
2.2071728706359863
2.2191152572631836
2.252089500427246
2.280705451965332
1.9884374141693115
1.9200139045715332
2.2711215019226074
2.0722639560699463
1.8014302253723145
2.1109373569488525
2.136519193649292
1.9268338680267334
2.0159122943878174
2.0031957626342773
2.2004969120025635
2.1527318954467773
2.1273655891418457
1.9852941036224365
1.890430212020874
2.062551498413086
1.9949005842208862
2.1036782264709473
1.929842472076416
1.9736708402633667
1.903203010559082
2.1819534301757812
2.1308884620666504
2.2747368812561035
1.9686943292617798
1.7397572994232178
1.8530142307281494
1.9275834560394287
1.8943593502044678
2.0009655952453613
1.9081083536148071
2.0873639583587646
1.9677003622055054
2.0656790733337402
1.8442929983139038
1.9033386707305908
1.8749781847000122
1.896336317062378
1.751124620437622
1.912616491317749
1.5998954772949219
1.9275609254837036
2.176506280899048
1.9254595041275024
1.6745216846466064
1.598769187927246
1.8105013370513916
1.9430691003799438
1.7714264392852783
1.934658169746399
2.0226292610168457
1.8962076902389526
2.0571460723876953
1.810395359992981
1.6908786296844482
1.7861213684082031
1.8059667348861694
1.9562153816223145
1.6449902057647705
1.7990870475769043
1.9608454704284668
1.8236117362976074
1.8850646018981934
2.0782527923583984
