Mean Rank: 16, 5
Mean RR: 0.1980, 0.6664
Hit@1: 0.0613, 0.5227
Hit@3: 0.1899, 0.7746
Hit@5: 0.3048, 0.8525
Hit@10: 0.5446, 0.9281
6.353121757507324
5.869853973388672
5.669336318969727
4.705048084259033
4.6031880378723145
4.084484100341797
4.124516487121582
3.5217623710632324
3.5085268020629883
3.149043560028076
2.7391316890716553
2.7286360263824463
2.7505385875701904
2.717230796813965
2.5389389991760254
2.352410078048706
2.368659734725952
2.3408191204071045
2.472865104675293
2.4304230213165283
2.133908748626709
2.029766082763672
2.262289524078369
2.1205837726593018
2.0544705390930176
2.195927143096924
2.46927809715271
2.185474395751953
2.0927085876464844
2.208526134490967
1.9929746389389038
2.1154448986053467
2.228546142578125
2.0242385864257812
2.100759506225586
2.089139461517334
1.8552533388137817
1.8988473415374756
2.0499114990234375
1.888246774673462
1.9076734781265259
2.016371965408325
2.006401777267456
1.7988642454147339
1.9149184226989746
1.8426693677902222
2.014416217803955
2.122377872467041
1.977440595626831
1.7235355377197266
1.922075867652893
2.0589373111724854
1.9126390218734741
1.9439818859100342
1.8228672742843628
1.8321938514709473
1.8883063793182373
2.0396015644073486
1.9816209077835083
2.1881370544433594
1.9146203994750977
1.7164607048034668
1.8599510192871094
1.873445749282837
1.8907880783081055
1.833569049835205
1.9152016639709473
2.034389019012451
1.8301085233688354
1.992621660232544
1.854181170463562
1.8932390213012695
1.8080799579620361
1.9115886688232422
1.8084735870361328
1.9427214860916138
1.5996387004852295
1.8548675775527954
2.021608352661133
1.8493365049362183
1.7380964756011963
1.6626123189926147
1.7351053953170776
1.9727671146392822
1.7902534008026123
1.8185756206512451
1.991722822189331
1.8403464555740356
1.9941785335540771
1.699440598487854
1.7411307096481323
1.8961122035980225
1.8061940670013428
1.8522498607635498
1.7069358825683594
1.7108746767044067
1.8889366388320923
1.8183493614196777
1.8396563529968262
1.9802590608596802
