training time  557.6494145393372

Mean Rank: 17, 5
Mean RR: 0.1775, 0.6279
Hit@1: 0.0537, 0.5091
Hit@3: 0.1573, 0.7171
Hit@5: 0.2640, 0.7912
Hit@10: 0.5023, 0.8646
0.6974495053291321
0.6976118683815002
0.697243332862854
0.6960017681121826
0.6949948668479919
0.6941116452217102
0.6927273869514465
0.6910473108291626
0.6893637776374817
0.684729278087616
0.6800656914710999
0.6740241050720215
0.6700090765953064
0.6594035625457764
0.6461954116821289
0.6430883407592773
0.6270560026168823
0.6249188184738159
0.6119174361228943
0.6085820198059082
0.5868935585021973
0.5643994808197021
0.5581514239311218
0.5445590615272522
0.5301636457443237
0.5150439143180847
0.5050704479217529
0.48977217078208923
0.5097834467887878
0.4918113052845001
0.46881669759750366
0.4627059996128082
0.4584869146347046
0.47052159905433655
0.452648401260376
0.4541471004486084
0.4410463273525238
0.4402807652950287
0.436481237411499
0.45417532324790955
0.40975674986839294
0.42968863248825073
0.4182561933994293
0.4434394836425781
0.414898157119751
0.4265660047531128
0.4231518507003784
0.43466445803642273
0.4282151758670807
0.4259200096130371
0.40299558639526367
0.38423120975494385
0.40362730622291565
0.41733041405677795
0.4056140184402466
0.39893388748168945
0.3845232129096985
0.3887481689453125
0.4103567600250244
0.4005608558654785
0.3952460289001465
0.3865012526512146
0.3923688232898712
0.40825778245925903
0.3771539032459259
0.40092113614082336
0.3984749913215637
0.4006892442703247
0.3739576041698456
0.4045898914337158
0.37173861265182495
0.3834726810455322
0.39089787006378174
0.38617274165153503
0.37448635697364807
0.39924517273902893
0.38320204615592957
0.3894816040992737
0.39189454913139343
0.36444899439811707
0.3722020983695984
0.39655953645706177
0.3777351379394531
0.3959909677505493
0.3664850890636444
0.36258548498153687
0.3809818625450134
0.3784598112106323
0.3775526285171509
0.38854917883872986
0.3844233751296997
0.35512223839759827
0.3701840043067932
0.35331109166145325
0.37985166907310486
0.39084476232528687
0.38972580432891846
0.36829131841659546
0.3735586404800415
0.3786541223526001
0.3781227767467499
0.3802405893802643
0.367437481880188
0.3745240569114685
0.3669074773788452
0.3667953908443451
0.38660770654678345
0.3624846041202545
0.36334526538848877
0.3458018898963928
0.3639666438102722
0.36570125818252563
0.36050283908843994
0.370135635137558
0.37757745385169983
0.37648850679397583
0.38169968128204346
0.3689116835594177
0.3828270733356476
0.3713981807231903
0.37001386284828186
0.3657500445842743
0.37100890278816223
0.35364770889282227
0.3522833287715912
0.372063010931015
0.36816003918647766
0.37275394797325134
0.36073219776153564
0.3880556523799896
0.37154853343963623
0.3627181649208069
0.3731729984283447
0.3802981972694397
0.36323803663253784
0.3645511865615845
0.3734382390975952
0.38295978307724
0.37811508774757385
0.38464462757110596
0.3860398232936859
0.35579347610473633
0.35909292101860046
0.3623073399066925
0.372094988822937
0.3735113739967346
0.3641048073768616
0.39405545592308044
0.3732174038887024
0.36963212490081787
0.36743175983428955
0.3713042438030243
0.35047420859336853
0.38224920630455017
0.3735819458961487
0.37200599908828735
0.38048920035362244
0.3714478015899658
0.35806363821029663
0.381592720746994
0.3585017919540405
0.35051026940345764
0.3700713813304901
0.3681888282299042
0.3619239032268524
0.36892157793045044
0.3494419455528259
0.3565252423286438
0.3735612630844116
0.3674032986164093
0.3628263771533966
0.36430177092552185
0.36705151200294495
0.3802078664302826
0.3691360652446747
0.3708484470844269
0.37540414929389954
0.3771718740463257
0.35857173800468445
0.3624018430709839
0.36413854360580444
0.36100199818611145
0.3552416265010834
0.3746843934059143
0.34265950322151184
0.35035836696624756
0.3889239430427551
0.3703901171684265
0.3446325957775116
0.3641287684440613
0.3614729344844818
0.3619784116744995
0.3418223261833191
0.3595152497291565
0.3611868917942047
0.3758808970451355
0.3606601357460022
0.37047263979911804
0.369484007358551
0.37081074714660645
0.36164388060569763
0.35495710372924805
0.391043484210968
0.36930224299430847
0.37269115447998047
0.34655049443244934
0.3685742914676666
0.3902319073677063
0.3448067307472229
0.3532053828239441
0.3667917847633362
0.3735519349575043
0.3473849892616272
0.34115099906921387
0.3528669476509094
0.3540252149105072
0.3718939423561096
0.36784088611602783
0.3638344407081604
0.3790990114212036
0.3786514401435852
0.3562415838241577
0.3589453101158142
0.3492417335510254
0.37944215536117554
0.361581951379776
0.3706291615962982
0.34882065653800964
0.35385894775390625
0.3656903803348541
0.35883545875549316
0.36342722177505493
0.35062721371650696
0.35218629240989685
0.36220815777778625
0.36348816752433777
0.35839417576789856
0.378953754901886
0.3797908425331116
0.3488357663154602
0.36344531178474426
0.3793240785598755
0.3662276566028595
0.38853734731674194
0.3726046681404114
0.33436137437820435
0.3655632734298706
0.3834432065486908
0.3486650586128235
0.3292560279369354
0.34695902466773987
0.3546731173992157
0.3588258624076843
0.37431424856185913
0.3675957918167114
0.36158275604248047
0.35670164227485657
0.3627394735813141
0.3669096827507019
0.35888877511024475
0.3436177968978882
0.3677317798137665
0.35467153787612915
0.3674285411834717
0.37025800347328186
0.3687237799167633
0.3567742705345154
0.3721827268600464
0.35914522409439087
0.3525952696800232
0.36004188656806946
0.34713026881217957
0.3612527847290039
0.3485751450061798
0.3502565622329712
0.3718465566635132
0.3653392195701599
0.36048251390457153
0.36524927616119385
0.3552834391593933
0.36190879344940186
0.34353581070899963
0.37059134244918823
0.36007779836654663
0.3526216447353363
0.3960556387901306
0.35291290283203125
0.3441082835197449
0.3576977550983429
0.37557390332221985
0.36009812355041504
0.3449936509132385
0.36406630277633667
0.3442632257938385
0.3529844284057617
0.36262229084968567
0.34428519010543823
0.36460238695144653
0.35397136211395264
0.35489359498023987
0.3476049602031708
0.3643439710140228
0.3624379336833954
0.35684528946876526
0.34798091650009155
0.3615085780620575
0.3701176345348358
0.3579835295677185
0.3517071008682251
0.35050174593925476
0.3521435856819153
0.3574982285499573
0.35355931520462036
0.35727518796920776
0.363496333360672
0.3412875235080719
0.3579407334327698
0.3612099587917328
0.35423561930656433
0.36470478773117065
0.33832037448883057
0.3637773394584656
0.3510991930961609
0.35476499795913696
0.3443128764629364
0.37342560291290283
0.3625900447368622
0.36891964077949524
0.34363648295402527
0.3489059805870056
0.35009828209877014
0.357380211353302
0.34787771105766296
0.36411091685295105
0.3496372699737549
0.3552883267402649
0.35450467467308044
0.35099294781684875
0.353523313999176
0.35804283618927
0.36462533473968506
0.3367490768432617
0.35191646218299866
0.3668024241924286
0.36649268865585327
0.3562021255493164
0.3522430956363678
0.353689968585968
0.35768207907676697
0.37238311767578125
0.3562624156475067
0.36221370100975037
0.3560947775840759
0.3543270230293274
0.35539427399635315
0.3513844311237335
0.3587436079978943
0.35993149876594543
0.36118653416633606
0.3529030680656433
0.3457155227661133
0.3449195921421051
0.367319792509079
0.37397950887680054
0.3518051207065582
0.34490966796875
0.35363155603408813
0.3640788793563843
0.3391868472099304
0.3576391637325287
0.36400800943374634
0.3495787978172302
0.35830771923065186
0.354146271944046
0.34688884019851685
0.36459285020828247
0.3394870460033417
0.35552868247032166
0.3558773994445801
0.352092444896698
0.3326433002948761
0.34844669699668884
0.37006479501724243
0.35711708664894104
0.36815834045410156
0.332733154296875
0.33649975061416626
0.3641884922981262
0.36316293478012085
0.3721103072166443
0.33139315247535706
0.345518559217453
0.35208314657211304
0.3409646153450012
0.37223729491233826
0.3364620804786682
0.35824766755104065
0.34491825103759766
0.35507145524024963
0.36280491948127747
0.3663351535797119
0.3613327443599701
0.34322530031204224
0.3425695300102234
0.34920376539230347
0.3435426354408264
0.35776209831237793
0.36016008257865906
0.3679587244987488
0.3707893490791321
0.36299651861190796
0.35078170895576477
0.36550164222717285
0.3652345538139343
0.34162646532058716
0.34903404116630554
0.34962770342826843
0.3494877815246582
0.3440934419631958
0.364033579826355
0.3471134901046753
0.3426700532436371
0.3443663418292999
0.35915476083755493
0.36708319187164307
0.36545059084892273
0.3654906451702118
0.34835559129714966
0.3501715064048767
0.3468470871448517
0.3587094843387604
0.3519146144390106
0.3418577313423157
0.3610513508319855
0.33546319603919983
0.3413124680519104
0.3588368892669678
0.36302483081817627
0.35534587502479553
0.33492061495780945
0.353870689868927
0.3574804961681366
0.3579011559486389
0.3343452215194702
0.359902560710907
0.3392448127269745
0.34511902928352356
0.35370588302612305
0.3387419581413269
0.33975064754486084
0.351024866104126
0.33404260873794556
0.3477054834365845
0.3508135974407196
0.35357627272605896
0.3412739038467407
0.353314071893692
0.3618428111076355
0.35853680968284607
0.36602380871772766
0.3536439538002014
0.36365121603012085
0.3495584726333618
0.3492144048213959
0.33424773812294006
0.3560679256916046
0.36635273694992065
0.34823715686798096
0.3464481830596924
0.35858893394470215
0.33812642097473145
0.3610941171646118
0.3502040505409241
0.35216379165649414
0.355019748210907
0.3583206534385681
0.35617539286613464
0.3527967929840088
0.3550838828086853
0.3599292039871216
0.3615877628326416
0.3449583053588867
0.35484206676483154
0.3552709221839905
0.35478314757347107
0.35355180501937866
0.3473653793334961
0.3412078022956848
0.3560602366924286
0.3510096073150635
0.3362578749656677
0.3572894334793091
0.35060369968414307
0.334381639957428
0.3577890396118164
0.3461412191390991
0.3604344129562378
0.3707387447357178
0.365474134683609
0.35454267263412476
0.3491336703300476
0.35655108094215393
0.3591473698616028
0.3505418598651886
0.35534703731536865
0.35412153601646423
0.34778955578804016
0.3643637001514435
0.35116738080978394
0.3620670437812805
0.3547423183917999
0.3684733808040619
0.3466002941131592
0.35991400480270386
0.3626849949359894
0.36530494689941406
0.34755828976631165
0.34774231910705566
0.34818506240844727
0.3463170826435089
0.35262346267700195
0.35441699624061584
0.35728758573532104
0.35044166445732117
0.33704692125320435
0.34155601263046265
0.3411898910999298
0.3369112014770508
0.36135533452033997
0.36278292536735535
0.35375213623046875
0.3769747018814087
0.34325769543647766
0.33572816848754883
0.33502620458602905
0.3481985330581665
0.337771475315094
0.34736955165863037
0.36341115832328796
0.35862937569618225
0.34965774416923523
0.35165128111839294
0.35685601830482483
0.34726226329803467
0.3501015603542328
0.35437989234924316
0.33046218752861023
0.35317736864089966
0.3482505977153778
0.34360188245773315
0.347433865070343
0.353379487991333
0.34878331422805786
0.35005509853363037
0.3499026298522949
0.34467360377311707
0.3542947769165039
0.34528613090515137
0.33989518880844116
0.35734888911247253
0.35438936948776245
0.34128159284591675
0.36004042625427246
0.35832369327545166
0.36186909675598145
0.36634957790374756
0.35814571380615234
0.34568876028060913
0.35366183519363403
0.3498194217681885
0.3254657983779907
0.35159140825271606
0.3523413836956024
0.3455886244773865
0.3468124568462372
0.37410253286361694
0.35247737169265747
0.3334982991218567
0.3454945683479309
0.345385879278183
0.33735889196395874
0.35861003398895264
0.34582164883613586
0.3607008755207062
0.34855902194976807
0.3555397391319275
0.35383743047714233
0.3404608964920044
0.35335928201675415
0.35902756452560425
0.3374156951904297
0.3582285940647125
0.34750980138778687
0.3545007109642029
0.34379181265830994
0.35328322649002075
0.3726750612258911
0.34542515873908997
0.33611762523651123
0.3494439125061035
0.36948859691619873
0.34305819869041443
0.36803629994392395
0.33995550870895386
0.3713170289993286
0.3466126322746277
0.35580602288246155
0.34892696142196655
0.35085350275039673
0.33712783455848694
0.35331153869628906
0.34364140033721924
0.34710463881492615
0.33824318647384644
0.3364090323448181
0.3505810499191284
0.34561899304389954
0.36125385761260986
0.35109877586364746
0.348764032125473
0.33751991391181946
0.33457303047180176
0.3457169234752655
0.3385206460952759
0.37808024883270264
0.3343159556388855
0.3546375036239624
0.3512931764125824
0.35884228348731995
0.3511306047439575
0.3295738697052002
0.35438796877861023
0.3356345593929291
0.3531118929386139
0.3648641109466553
0.35843417048454285
0.37367552518844604
0.3396080434322357
0.35099804401397705
0.3659023642539978
0.3565290570259094
0.3638553023338318
0.354783296585083
0.34697210788726807
0.35310792922973633
0.3633906841278076
0.3473822772502899
0.3604397475719452
0.3506029546260834
0.34325236082077026
0.37311315536499023
0.35760366916656494
0.3489351272583008
0.34343841671943665
0.34689319133758545
0.3377733528614044
0.33951693773269653
0.3504759669303894
0.3686926066875458
0.3556261658668518
0.3692985773086548
0.3536995053291321
0.34610652923583984
0.3698693811893463
0.3667548894882202
0.3552057147026062
0.36682775616645813
0.34813952445983887
0.3495337963104248
0.3475828766822815
0.34015175700187683
0.3574414551258087
0.36625319719314575
0.33742260932922363
0.36322933435440063
0.33628714084625244
0.33578628301620483
0.34244826436042786
0.3584845960140228
0.35502609610557556
0.3652091324329376
0.32945993542671204
0.3606906831264496
0.3477522134780884
0.374070405960083
0.3424747586250305
0.3300223648548126
0.3525179624557495
0.3535962998867035
0.3503650426864624
0.34645432233810425
0.3461567759513855
0.3593970537185669
0.34866371750831604
0.34703755378723145
0.34940508008003235
0.3603819012641907
0.34974321722984314
0.35104501247406006
0.33987686038017273
0.3558025360107422
0.3498119115829468
0.3448629081249237
0.3601047396659851
0.3414866626262665
0.363338828086853
0.35718467831611633
0.36411958932876587
0.3410290777683258
0.3531583547592163
0.3776560127735138
0.3519999384880066
0.3604190945625305
0.3350200653076172
0.332719624042511
0.3435172438621521
0.37009090185165405
0.34105566143989563
0.34701988101005554
0.36029869318008423
0.35965555906295776
0.3494859039783478
0.35086768865585327
0.35412320494651794
0.33110272884368896
0.34080713987350464
0.3438851833343506
0.33598464727401733
0.3506823480129242
0.36492273211479187
0.3264879584312439
0.35117095708847046
0.34727269411087036
0.33188050985336304
0.35395702719688416
0.3624846041202545
0.3464154303073883
0.35430511832237244
0.33497345447540283
0.36146605014801025
0.33986616134643555
0.3563004732131958
0.3444877862930298
0.34800952672958374
0.3630932569503784
0.3480483591556549
0.3556479215621948
0.3391592502593994
0.3622573912143707
0.3435349464416504
0.3525821268558502
0.35095450282096863
0.3451138138771057
0.34207993745803833
0.34359991550445557
0.35419580340385437
0.3302477300167084
0.33928778767585754
0.3520449697971344
0.37228888273239136
0.3575426936149597
0.3367205858230591
0.3454108238220215
0.344821572303772
0.35192397236824036
0.3278408646583557
0.3481214642524719
0.3447791635990143
0.36349353194236755
0.35878974199295044
0.3543741703033447
0.3485327363014221
0.3605844974517822
0.3608675003051758
0.3424391746520996
0.34201952815055847
0.3615744709968567
0.3553389608860016
0.34642964601516724
0.33716240525245667
0.3596479296684265
0.3405073583126068
0.35190898180007935
0.36333611607551575
0.34231963753700256
0.337138831615448
0.34452369809150696
0.3472021818161011
0.351319819688797
0.35013407468795776
0.32873615622520447
0.35493117570877075
0.3569653630256653
0.3424667418003082
0.32416459918022156
0.35348668694496155
0.3526623249053955
0.35845255851745605
0.3365413248538971
0.3505837321281433
0.3580229878425598
0.33874279260635376
0.3634983003139496
0.33906251192092896
0.3315374255180359
0.34775620698928833
0.3576081097126007
0.34154626727104187
0.34424328804016113
0.3448256850242615
0.3560958206653595
0.33355772495269775
0.34774160385131836
0.34308764338493347
0.34387290477752686
0.3497205674648285
0.34432801604270935
0.3482907712459564
0.3587844669818878
0.35733431577682495
0.3381406366825104
0.3574206233024597
0.35136154294013977
0.3643263280391693
0.35062873363494873
0.35538333654403687
0.35434868931770325
0.3630467355251312
0.34619611501693726
0.34685173630714417
0.3533748388290405
0.3444451093673706
0.34908199310302734
0.3403607904911041
0.3422110080718994
0.3367272615432739
0.3391916751861572
0.36239346861839294
0.35988420248031616
0.33868899941444397
0.3440331220626831
0.3402114510536194
0.3362394869327545
0.3476598858833313
0.3602313995361328
0.3279268443584442
0.36260250210762024
0.3571765422821045
0.3635439872741699
0.3502104878425598
0.33109432458877563
0.33998391032218933
0.3562379479408264
0.35118067264556885
0.3585398197174072
0.35610297322273254
0.33861860632896423
0.3690119981765747
0.33712998032569885
0.3621363043785095
0.3381924331188202
0.34811997413635254
0.3618243336677551
0.3633996248245239
0.3299330472946167
0.3573721647262573
0.33294975757598877
0.34824860095977783
0.3459797501564026
0.3478536307811737
0.3609410524368286
0.3528529405593872
0.335410475730896
0.34210115671157837
0.33654531836509705
0.34349024295806885
0.34922224283218384
0.3489611744880676
0.34421736001968384
0.35297685861587524
0.34458795189857483
0.3343489170074463
0.3367917835712433
0.34255269169807434
0.34063804149627686
0.3502998948097229
0.35551586747169495
0.3481864035129547
0.3444983661174774
0.35933196544647217
0.3702550232410431
0.3359709084033966
0.33389782905578613
0.33269891142845154
0.35665279626846313
0.34476691484451294
0.34162914752960205
0.3551573157310486
0.3540046811103821
0.34931421279907227
0.3361046016216278
0.3667396306991577
0.3557620048522949
0.34292876720428467
0.3567250370979309
0.33191654086112976
0.3462347984313965
0.3484598398208618
0.3471372127532959
0.36138349771499634
0.35150521993637085
0.3551819920539856
0.35003387928009033
0.3565770089626312
0.356548011302948
0.3491283357143402
0.3541741371154785
0.36243101954460144
0.34431755542755127
0.35734376311302185
0.3510563373565674
0.3417595624923706
0.33965614438056946
0.3635707497596741
0.331145703792572
0.35990282893180847
0.3619375228881836
0.3468596339225769
0.3445744812488556
0.3346911072731018
0.3426566421985626
0.34873509407043457
0.35301727056503296
0.3544173538684845
0.34470683336257935
0.34753140807151794
0.34944286942481995
0.3552764058113098
0.3678619861602783
0.34766894578933716
0.3456868529319763
0.3481033146381378
0.33175256848335266
0.34541022777557373
0.3420940935611725
0.34030675888061523
0.34330445528030396
0.36897116899490356
0.33535268902778625
0.3528725206851959
0.35526955127716064
0.3437947928905487
0.3620666265487671
0.3630032241344452
0.3312499523162842
0.3584907054901123
0.34845229983329773
0.34673482179641724
0.35914063453674316
0.34594660997390747
0.36387869715690613
0.34357762336730957
0.3500974476337433
0.3477320373058319
0.34331345558166504
0.34186863899230957
0.34469228982925415
0.3467346429824829
0.35008564591407776
0.3454432487487793
0.3552394509315491
0.3651031255722046
0.3532380163669586
0.3361768126487732
0.336639404296875
0.3424094319343567
0.3564625680446625
0.3437163233757019
0.35129350423812866
0.3380925953388214
0.33198362588882446
0.33319777250289917
0.33622777462005615
0.3449369966983795
0.35730087757110596
0.3470538258552551
0.353140652179718
0.3401795029640198
0.3476802706718445
0.35788437724113464
0.3479763865470886
0.3601236343383789
0.3388988673686981
0.33822810649871826
0.3392421007156372
0.34601762890815735
0.3248834013938904
0.34714436531066895
0.3451455235481262
0.35726720094680786
