Mean Rank: 43, 32
Mean RR: 0.0793, 0.1189
Hit@1: 0.0174, 0.0333
Hit@3: 0.0590, 0.1112
Hit@5: 0.0998, 0.1641
Hit@10: 0.1868, 0.2761
1.1511569023132324
1.1024843454360962
1.077001690864563
1.0546472072601318
1.0508407354354858
1.028473138809204
1.0310468673706055
1.0097684860229492
1.0131675004959106
1.019447684288025
0.9811174273490906
0.9762593507766724
0.9715319275856018
0.9471033215522766
0.9415895342826843
0.9264978170394897
0.9450124502182007
0.9244492053985596
0.9169183373451233
0.9125054478645325
0.9096810221672058
0.940966010093689
0.9182021021842957
0.8871244788169861
0.8996976613998413
0.8700017333030701
0.8656781911849976
0.8871979117393494
0.8980289101600647
0.8742789030075073
0.8607228398323059
0.8632142543792725
0.8544703125953674
0.8413618206977844
0.8418125510215759
0.8467366695404053
0.8395427465438843
0.8329556584358215
0.8398345708847046
0.831505537033081
0.8102180361747742
0.8115906119346619
0.7980870604515076
0.81043541431427
0.8068544268608093
0.806503415107727
0.7990427613258362
0.7960056662559509
0.7781135439872742
0.7940126657485962
0.793251633644104
0.7616297602653503
0.774535059928894
0.7605511546134949
0.7567412853240967
0.762200653553009
0.7576136589050293
0.7527398467063904
0.7685182094573975
0.7517902255058289
0.74085533618927
0.7628028988838196
0.7480455040931702
0.7372710704803467
0.7419795393943787
0.7334500551223755
0.7337157130241394
0.7372874617576599
0.7312835454940796
0.7211446166038513
0.722801923751831
0.7164812088012695
0.7266170978546143
0.7109946012496948
0.716517984867096
0.7038952112197876
0.6947505474090576
0.7056916952133179
0.693595290184021
0.6973271369934082
0.7014020681381226
0.6853577494621277
0.699997067451477
0.6723784804344177
0.6810588836669922
0.6869934797286987
0.6785688400268555
0.670407772064209
0.6779699921607971
0.6706573367118835
0.6629957556724548
0.6721110939979553
0.6623345017433167
0.6736736297607422
0.6710898280143738
0.6538246870040894
0.6545282602310181
0.6567224264144897
0.6618037223815918
0.630447268486023
