Mean Rank: 16, 2
Mean RR: 0.1515, 0.6996
Hit@1: 0.0250, 0.5000
Hit@3: 0.1256, 0.8858
Hit@5: 0.2307, 0.9357
Hit@10: 0.4841, 0.9834
10.070590019226074
8.502214431762695
6.051405429840088
4.456700801849365
3.935950756072998
3.538710832595825
3.242121696472168
3.2960541248321533
2.974670648574829
2.8909265995025635
3.0214011669158936
2.861682415008545
2.7851130962371826
2.8084888458251953
2.8170006275177
2.8153088092803955
2.7866268157958984
2.673551321029663
2.7380502223968506
2.7634692192077637
2.7724170684814453
2.747241973876953
2.6043050289154053
2.6600494384765625
2.7691240310668945
2.708641290664673
2.6551053524017334
2.590639114379883
2.6611263751983643
2.633552312850952
2.7358572483062744
2.6255857944488525
2.5602500438690186
2.574922561645508
2.7067952156066895
2.618539333343506
2.4725914001464844
2.4144883155822754
2.627281665802002
2.471360921859741
2.4732635021209717
2.498922109603882
2.592825412750244
2.476005792617798
2.5185763835906982
2.537278175354004
2.4678475856781006
2.4900622367858887
2.5084457397460938
2.417503833770752
2.4102365970611572
2.4782447814941406
2.5455775260925293
2.5688395500183105
2.526524305343628
2.4510276317596436
2.4493348598480225
2.3923237323760986
2.48463773727417
2.388676881790161
2.5492043495178223
2.491330623626709
2.4655628204345703
2.40059494972229
2.4706530570983887
2.456188201904297
2.3936564922332764
2.3795628547668457
2.551283121109009
2.464878559112549
2.3767521381378174
2.410306215286255
2.4617865085601807
2.291025161743164
2.397616147994995
2.3650169372558594
2.3421199321746826
2.498297929763794
2.395594358444214
2.4387855529785156
2.476914882659912
2.3519179821014404
2.427155017852783
2.4335594177246094
2.3842806816101074
2.3422622680664062
2.3771979808807373
2.4179375171661377
2.4916224479675293
2.456960916519165
2.3441367149353027
2.4264097213745117
2.419518232345581
2.3979265689849854
2.2943785190582275
2.315687894821167
2.4998221397399902
2.351564884185791
2.3772287368774414
2.2714991569519043
