training time  461.9103090763092

Mean Rank: 12, 2
Mean RR: 0.2218, 0.7421
Hit@1: 0.0825, 0.5983
Hit@3: 0.2209, 0.8684
Hit@5: 0.3283, 0.9395
Hit@10: 0.5832, 0.9697
0.7015590071678162
0.7012709379196167
0.6989697813987732
0.6971595883369446
0.6956871747970581
0.694728672504425
0.6931381225585938
0.6905895471572876
0.6852376461029053
0.6766477823257446
0.6641642451286316
0.6447722315788269
0.6365848779678345
0.6136142015457153
0.6099788546562195
0.5923570990562439
0.5960935354232788
0.5625197887420654
0.5612472891807556
0.5602623224258423
0.5437511801719666
0.5248440504074097
0.526691734790802
0.5120797157287598
0.5137922167778015
0.49623432755470276
0.4914730191230774
0.49542951583862305
0.48830360174179077
0.4743717312812805
0.47174420952796936
0.4629460573196411
0.45591187477111816
0.4569379687309265
0.43568235635757446
0.4350780248641968
0.44487977027893066
0.44551795721054077
0.44678109884262085
0.4243367314338684
0.4118290841579437
0.42225831747055054
0.41028711199760437
0.41300252079963684
0.39348939061164856
0.407156765460968
0.3883680999279022
0.39565974473953247
0.37788283824920654
0.3802933096885681
0.37775668501853943
0.3589796721935272
0.37183475494384766
0.3543371558189392
0.37462756037712097
0.37865281105041504
0.35042649507522583
0.3528301417827606
0.33801403641700745
0.3460528552532196
0.3342730700969696
0.32899177074432373
0.32957160472869873
0.3266667127609253
0.3228338658809662
0.31904366612434387
0.3318481743335724
0.31677091121673584
0.30444690585136414
0.3023620545864105
0.30175548791885376
0.30093643069267273
0.287692666053772
0.2914818525314331
0.31513693928718567
0.2855849862098694
0.3191695213317871
0.3057211935520172
0.2866871654987335
0.2982238531112671
0.28058525919914246
0.27738454937934875
0.28672313690185547
0.27754560112953186
0.28655311465263367
0.28375759720802307
0.275007963180542
0.2699594795703888
0.2800683379173279
0.2796132266521454
0.2723325490951538
0.28064537048339844
0.26106542348861694
0.2741285562515259
0.2660635709762573
0.2716778516769409
0.2757531404495239
0.2734467685222626
0.2580474615097046
0.26316744089126587
0.2589949071407318
0.2673867642879486
0.25325807929039
0.27795758843421936
0.25383520126342773
0.2722448706626892
0.24146795272827148
0.26116496324539185
0.2569335103034973
0.2509777545928955
0.24632447957992554
0.26060134172439575
0.2508828639984131
0.2635471820831299
0.2455126941204071
0.26022809743881226
0.24135331809520721
0.24660339951515198
0.2496376931667328
0.24966943264007568
0.2428794950246811
0.2417130172252655
0.2444857656955719
0.23223616182804108
0.24888484179973602
0.24428150057792664
0.252990186214447
0.24685537815093994
0.2512636184692383
0.24340501427650452
0.2441747933626175
0.24056057631969452
0.23342719674110413
0.24897149205207825
0.24408423900604248
0.2542213797569275
0.2413986772298813
0.23887185752391815
0.23580896854400635
0.24167126417160034
0.23205184936523438
0.25463828444480896
0.24578247964382172
0.23585857450962067
0.2377575933933258
0.237415611743927
0.2454710304737091
0.23687103390693665
0.24983401596546173
0.23377814888954163
0.2434188723564148
0.24305802583694458
0.22583720088005066
0.2364748865365982
0.23227310180664062
0.23244941234588623
0.22787605226039886
0.25533294677734375
0.22980690002441406
0.22582681477069855
0.2351156771183014
0.22826853394508362
0.2289847433567047
0.2330058515071869
0.2292579710483551
0.23772305250167847
0.2255915105342865
0.22393475472927094
0.23480167984962463
0.23280806839466095
0.22992119193077087
0.2353227287530899
0.23924048244953156
0.24602222442626953
0.22844338417053223
0.22322195768356323
0.2294691503047943
0.23555737733840942
0.22569581866264343
0.22419658303260803
0.21572963893413544
0.2416142225265503
0.22628705203533173
0.22984682023525238
0.22619298100471497
0.2341938316822052
0.22498679161071777
0.22369486093521118
0.23750032484531403
0.22638151049613953
0.22140547633171082
0.23358041048049927
0.23044006526470184
0.22040699422359467
0.22608582675457
0.2244827151298523
0.23157919943332672
0.22158858180046082
0.22127579152584076
0.23104888200759888
0.22950299084186554
0.21394705772399902
0.22127938270568848
0.22936217486858368
0.23978391289710999
0.23605845868587494
0.22403192520141602
0.2253158688545227
0.22934840619564056
0.21965152025222778
0.22604502737522125
0.21896150708198547
0.2302148938179016
0.22715254127979279
0.22948946058750153
0.22331659495830536
0.22321780025959015
0.224886953830719
0.22344514727592468
0.23349928855895996
0.22394216060638428
0.23075051605701447
0.2228166162967682
0.2245466262102127
0.2211814522743225
0.21840664744377136
0.2238653302192688
0.22513385117053986
0.22707954049110413
0.22023436427116394
0.22077549993991852
0.21968482434749603
0.22706228494644165
0.22906556725502014
0.2164415866136551
0.2253674864768982
0.2126866579055786
0.2269284427165985
0.2224070131778717
0.22162486612796783
0.21742700040340424
0.219149649143219
0.22777146100997925
0.21778878569602966
0.21781082451343536
0.22024939954280853
0.2165345400571823
0.22481375932693481
0.2254261076450348
0.2183186560869217
0.21555966138839722
0.22293055057525635
0.21585187315940857
0.22028380632400513
0.2205754667520523
0.24055954813957214
0.21681371331214905
0.21621248126029968
0.21964092552661896
0.21224260330200195
0.20865508913993835
0.22053249180316925
0.22744378447532654
0.22455893456935883
0.21419107913970947
0.21336732804775238
0.22454042732715607
0.20885513722896576
0.22254687547683716
0.21490874886512756
0.21563294529914856
0.22616998851299286
0.20868615806102753
0.20992259681224823
0.21248669922351837
0.21693333983421326
0.22252780199050903
0.22180235385894775
0.21791619062423706
0.21469366550445557
0.21625542640686035
0.2196471393108368
0.22248250246047974
0.22009111940860748
0.22014303505420685
0.21679089963436127
0.21701785922050476
0.20965684950351715
0.2246892750263214
0.2220737785100937
0.21933414041996002
0.21271824836730957
0.21878837049007416
0.21054187417030334
0.21929064393043518
0.20603780448436737
0.21653196215629578
0.22897258400917053
0.2266739010810852
0.2195185422897339
0.2148379385471344
0.21502333879470825
0.21059489250183105
0.21173501014709473
0.2067238986492157
0.227559894323349
0.21315725147724152
0.22466982901096344
0.207967609167099
0.2212096005678177
0.21093107759952545
0.22365227341651917
0.2128567397594452
0.22216203808784485
0.2117702066898346
0.2178700715303421
0.2145417332649231
0.2149074673652649
0.2103739231824875
0.22218160331249237
0.21611741185188293
0.20993319153785706
0.2062220424413681
0.20771260559558868
0.21680927276611328
0.21711252629756927
0.21354728937149048
0.21572691202163696
0.20999039709568024
0.22129280865192413
0.21246343851089478
0.2136225700378418
0.21488192677497864
0.21079374849796295
0.21619625389575958
0.2163929045200348
0.21798816323280334
0.2164745330810547
0.21612237393856049
0.20359143614768982
0.21153540909290314
0.2153005748987198
0.2049274891614914
0.2117326408624649
0.21678292751312256
0.20896120369434357
0.21524405479431152
0.21337059140205383
0.21048137545585632
0.21470651030540466
0.21219618618488312
0.21692025661468506
0.21318882703781128
0.21646961569786072
0.20672684907913208
0.22474107146263123
0.21044158935546875
0.20886477828025818
0.20971736311912537
0.21344542503356934
0.20560987293720245
0.21225634217262268
0.21446891129016876
0.21754880249500275
0.21436499059200287
0.2118338644504547
0.21420392394065857
0.20966802537441254
0.21169936656951904
0.2182854562997818
0.20731021463871002
0.21135535836219788
0.21647295355796814
0.21528494358062744
0.21823789179325104
0.20752465724945068
0.21722185611724854
0.21461014449596405
0.2136399745941162
0.21216320991516113
0.2143930196762085
0.2156984508037567
0.2127741575241089
0.2038053721189499
0.21028633415699005
0.21188999712467194
0.2080838531255722
0.22099928557872772
0.21125388145446777
0.21617721021175385
0.20926612615585327
0.20478633046150208
0.2097017467021942
0.21064582467079163
0.20949359238147736
0.20310483872890472
0.21278885006904602
0.21797727048397064
0.21253399550914764
0.20712247490882874
0.21270990371704102
0.20877332985401154
0.21354959905147552
0.2153463363647461
0.2139752209186554
0.2066245973110199
0.21576640009880066
0.21583278477191925
0.20519909262657166
0.21156617999076843
0.2074514925479889
0.21286144852638245
0.21015161275863647
0.21599486470222473
0.21419358253479004
0.21048732101917267
0.21738523244857788
0.21446919441223145
0.21266214549541473
0.20258165895938873
0.2035607248544693
0.21190500259399414
0.20425103604793549
0.2200150191783905
0.20865321159362793
0.22166861593723297
0.20952893793582916
0.20914289355278015
0.2074209302663803
0.2068493813276291
0.20920418202877045
0.20152029395103455
0.20964542031288147
0.2091962695121765
0.20918232202529907
0.20585903525352478
0.21100538969039917
0.21229593455791473
0.22100643813610077
0.21251583099365234
0.21476948261260986
0.20789387822151184
0.2087061107158661
0.20143380761146545
0.2096075862646103
0.21297872066497803
0.2044934183359146
0.20324818789958954
0.20779983699321747
0.21707358956336975
0.20453020930290222
0.2225298285484314
0.2078159749507904
0.21372856199741364
0.20564645528793335
0.20632383227348328
0.2062821090221405
0.20842716097831726
0.21276900172233582
0.20139512419700623
0.20815768837928772
0.20796799659729004
0.21154436469078064
0.2110859453678131
0.2018030285835266
0.2106045037508011
0.21639618277549744
0.20602387189865112
0.2059597373008728
0.2119840681552887
0.21293795108795166
0.20570029318332672
0.2027914822101593
0.20522905886173248
0.20802158117294312
0.2088788002729416
0.20551429688930511
0.2038555145263672
0.21894021332263947
0.20619800686836243
0.2060053050518036
0.21661409735679626
0.20451626181602478
0.21173137426376343
0.21153569221496582
0.21069687604904175
0.20494899153709412
0.20540764927864075
0.2057189792394638
0.2180512696504593
0.20911955833435059
0.19935661554336548
0.21095868945121765
0.20381590723991394
0.20884941518306732
0.2140960395336151
0.20093423128128052
0.20870965719223022
0.2100290060043335
0.21056130528450012
0.20936791598796844
0.20411330461502075
0.2166878879070282
0.21017706394195557
0.20672209560871124
0.2108008861541748
0.21100543439388275
0.20537397265434265
0.2102866768836975
0.2040446698665619
0.20539875328540802
0.20395055413246155
0.20507127046585083
0.20610246062278748
0.2176285684108734
0.20563220977783203
0.20653946697711945
0.20992428064346313
0.21097953617572784
0.20920763909816742
0.20352759957313538
0.20711012184619904
0.2081821858882904
0.20685341954231262
0.20395280420780182
0.20626235008239746
0.21085448563098907
0.21296480298042297
0.21538399159908295
0.21051764488220215
0.1996837556362152
0.21024179458618164
0.2057345062494278
0.21068459749221802
0.2067904770374298
0.20648373663425446
0.20756718516349792
0.2062041163444519
0.21287953853607178
0.21548160910606384
0.2093413770198822
0.20020048320293427
0.20757338404655457
0.20988386869430542
0.20968374609947205
0.21165278553962708
0.208124041557312
0.20670029520988464
0.20785760879516602
0.20727863907814026
0.2169826477766037
0.20265594124794006
0.2082613706588745
0.20684173703193665
0.20385901629924774
0.2074083387851715
0.20441420376300812
0.21256065368652344
0.21704545617103577
0.20172648131847382
0.21260789036750793
0.21710127592086792
0.20785723626613617
0.20099690556526184
0.21659226715564728
0.19918623566627502
0.20967482030391693
0.20549067854881287
0.21026203036308289
0.21160998940467834
0.20848071575164795
0.20763376355171204
0.20906579494476318
0.2043434977531433
0.20003601908683777
0.20738649368286133
0.2042095959186554
0.20400704443454742
0.2010771632194519
0.2071188986301422
0.20637282729148865
0.206952303647995
0.20286531746387482
0.2119498997926712
0.20171275734901428
0.20986242592334747
0.20955687761306763
0.20702043175697327
0.21049723029136658
0.20993274450302124
0.2034064680337906
0.2039967179298401
0.20994791388511658
0.21116381883621216
0.2003323882818222
0.2071993201971054
0.1980668008327484
0.20932380855083466
0.20804426074028015
0.2116582989692688
0.2034517228603363
0.20498915016651154
0.20777034759521484
0.20735742151737213
0.20260626077651978
0.20894911885261536
0.20326784253120422
0.21085602045059204
0.2178649604320526
0.20380619168281555
0.20243024826049805
0.20922602713108063
0.20775237679481506
0.2003026008605957
0.2075577825307846
0.2156181037425995
0.2048092484474182
0.2000698447227478
0.20665566623210907
0.20791888236999512
0.20328760147094727
0.20492032170295715
0.20878396928310394
0.20232535898685455
0.2045150101184845
0.20737820863723755
0.19867396354675293
0.20043249428272247
0.20305146276950836
0.21572160720825195
0.20024704933166504
0.1992698758840561
0.19576093554496765
0.20920763909816742
0.2042645812034607
0.20429158210754395
0.20523160696029663
0.20578615367412567
0.2108689546585083
0.20675641298294067
0.20839999616146088
0.2059420943260193
0.20637068152427673
0.21718767285346985
0.20276214182376862
0.20110544562339783
0.2069808393716812
0.2032497376203537
0.19957472383975983
0.20667874813079834
0.20701861381530762
0.19995298981666565
0.19994863867759705
0.20538952946662903
0.2181025743484497
0.2093239277601242
0.20682847499847412
0.20615768432617188
0.2073977142572403
0.20712170004844666
0.20401251316070557
0.21769878268241882
0.20820267498493195
0.20213861763477325
0.2053709626197815
0.21237027645111084
0.20567813515663147
0.2048962414264679
0.21010681986808777
0.20339086651802063
0.20766973495483398
0.20142260193824768
0.20724624395370483
0.20070791244506836
0.20416313409805298
0.2035316526889801
0.20796263217926025
0.20850832760334015
0.19949792325496674
0.20693755149841309
0.20518776774406433
0.21024709939956665
0.20702606439590454
0.19957788288593292
0.19854840636253357
0.2051435112953186
0.19721639156341553
0.20669065415859222
0.19945071637630463
0.21014630794525146
0.20984330773353577
0.2072312831878662
0.205788254737854
0.20467285811901093
0.20329494774341583
0.20471292734146118
0.20156237483024597
0.20177605748176575
0.20617493987083435
0.20810197293758392
0.2050051987171173
0.19862431287765503
0.2068636119365692
0.20239166915416718
0.21252626180648804
0.2062343955039978
0.20828473567962646
0.2104911506175995
0.20666123926639557
0.20747053623199463
0.19870765507221222
0.19854550063610077
0.20481523871421814
0.20468708872795105
0.2133190929889679
0.2124793976545334
0.21076206862926483
0.20971578359603882
0.200557142496109
0.2032020390033722
0.21257320046424866
0.20739510655403137
0.20161029696464539
0.20573629438877106
0.20366548001766205
0.1990821212530136
0.2014486938714981
0.21222913265228271
0.2082158625125885
0.20223583281040192
0.2039378583431244
0.1987611949443817
0.2062278687953949
0.21044088900089264
0.19969093799591064
0.20301172137260437
0.20772309601306915
0.21636474132537842
0.2024926096200943
0.20217637717723846
0.1992822289466858
0.21025605499744415
0.20621415972709656
0.21051938831806183
0.20539721846580505
0.20433145761489868
0.2007479965686798
0.20178860425949097
0.1982952356338501
0.2036433219909668
0.21334078907966614
0.20692074298858643
0.20262017846107483
0.20291565358638763
0.20680874586105347
0.2020789235830307
0.1981133073568344
0.20524582266807556
0.19836044311523438
0.20713277161121368
0.20241549611091614
0.20162217319011688
0.21014653146266937
0.20646297931671143
0.20549744367599487
0.20988903939723969
0.21509966254234314
0.20797909796237946
0.20124775171279907
0.19729214906692505
0.2022371143102646
0.20519229769706726
0.2001696228981018
0.19883450865745544
0.20554202795028687
0.2071744203567505
0.19803310930728912
0.20517246425151825
0.19657230377197266
0.2077646255493164
0.20324674248695374
0.20550337433815002
0.2091151475906372
0.20959791541099548
0.20131787657737732
0.20868459343910217
0.20580404996871948
0.19932451844215393
0.20430101454257965
0.20107290148735046
0.20184758305549622
0.2009037584066391
0.19925078749656677
0.20038077235221863
0.2082991749048233
0.21050043404102325
0.20955033600330353
0.2118893414735794
0.20555336773395538
0.19917434453964233
0.20827949047088623
0.19867190718650818
0.20321781933307648
0.19894184172153473
0.198833629488945
0.2054757922887802
0.1978752315044403
0.2027815282344818
0.20639507472515106
0.20791541039943695
0.2079877257347107
0.20393483340740204
0.198959618806839
0.19753825664520264
0.2110235095024109
0.20322702825069427
0.2059713900089264
0.2014666199684143
0.20054784417152405
0.19825728237628937
0.2029089629650116
0.2025628238916397
0.20115235447883606
0.2085290402173996
0.2151612639427185
0.20588356256484985
0.2039071023464203
0.19951996207237244
0.2037377655506134
0.2042980194091797
0.20323562622070312
0.2018493264913559
0.20424863696098328
0.20729145407676697
0.2016056329011917
0.2012624442577362
0.21487528085708618
0.211095929145813
0.19821347296237946
0.20088833570480347
0.19707638025283813
0.20494230091571808
0.20421504974365234
0.2069976031780243
0.21456627547740936
0.19944609701633453
0.211908757686615
0.20020657777786255
0.20418038964271545
0.20529811084270477
0.20543809235095978
0.19720730185508728
0.20814107358455658
0.20392471551895142
0.20322978496551514
0.20240630209445953
0.20044374465942383
0.20540669560432434
0.20592957735061646
0.19955050945281982
0.2025742530822754
0.1954822689294815
0.20367875695228577
0.20439980924129486
0.19555777311325073
0.20142576098442078
0.20646017789840698
0.2063939869403839
0.2024931013584137
0.20281843841075897
0.20063844323158264
0.20178206264972687
0.2038002461194992
0.20759975910186768
0.20047850906848907
0.19860489666461945
0.20658087730407715
0.19598016142845154
0.20823238790035248
0.20134207606315613
0.1976166069507599
0.21122443675994873
0.20573966205120087
0.19972676038742065
0.20702342689037323
0.20464739203453064
0.20094451308250427
0.20751601457595825
0.2011907994747162
0.20635487139225006
0.20877498388290405
0.20519989728927612
0.20030182600021362
0.20167149603366852
0.19956308603286743
0.20727157592773438
0.20322202146053314
0.1976502239704132
0.20626041293144226
0.20387904345989227
0.2031535804271698
0.20172156393527985
0.199892058968544
0.194686621427536
0.20281535387039185
0.20159125328063965
0.21105745434761047
0.20677727460861206
0.2049826830625534
0.2025640606880188
0.19764970242977142
0.19671818614006042
0.2004924714565277
0.20294618606567383
0.2049468755722046
0.19787465035915375
0.2057117521762848
0.20415420830249786
0.20746254920959473
0.20291121304035187
0.201074481010437
0.21657103300094604
0.1914854347705841
0.20389080047607422
0.2069486379623413
0.20314998924732208
0.19593477249145508
0.20096440613269806
0.20145609974861145
0.20689964294433594
0.1993650496006012
0.20118790864944458
0.2028823047876358
0.207665354013443
0.2002815306186676
0.20555725693702698
0.20572687685489655
0.20049268007278442
0.19933785498142242
0.2096291184425354
0.2039739191532135
0.20556527376174927
0.20565728843212128
0.20357534289360046
0.20424628257751465
0.19844450056552887
0.19897019863128662
0.19960981607437134
0.2033771127462387
0.20885905623435974
0.1978156864643097
0.20746633410453796
0.2019365131855011
0.2008548378944397
0.19900164008140564
0.20144622027873993
0.21561869978904724
0.19991295039653778
0.2027094066143036
0.2024863362312317
0.20386765897274017
0.195743590593338
0.20618999004364014
0.19558480381965637
0.19840304553508759
0.20497849583625793
0.19977450370788574
0.2088310718536377
0.20294705033302307
0.2007746398448944
0.21035736799240112
0.1996755450963974
0.2015915811061859
0.2057272046804428
0.20195434987545013
0.20157313346862793
0.19931276142597198
0.20084306597709656
0.19636079668998718
0.20315688848495483
0.2025492787361145
0.1984897255897522
0.2026587724685669
0.19963788986206055
0.20496700704097748
0.20469337701797485
0.20528101921081543
0.19767902791500092
0.20713762938976288
0.19517236948013306
0.20501622557640076
0.20320174098014832
0.2095678448677063
0.206866055727005
0.20125055313110352
0.1960136592388153
0.20077264308929443
0.204202800989151
0.20451468229293823
0.20220285654067993
