Mean Rank: 13, 2
Mean RR: 0.2074, 0.8089
Hit@1: 0.0582, 0.6604
Hit@3: 0.2080, 0.9523
Hit@5: 0.3396, 0.9660
Hit@10: 0.5870, 0.9788
4.920554161071777
4.092202186584473
1.1793209314346313
0.8981757760047913
1.0977388620376587
0.8523485660552979
1.6639442443847656
0.7758639454841614
1.33213210105896
0.738595187664032
0.916797399520874
0.6323897242546082
0.7428642511367798
0.5800991058349609
0.6237136125564575
0.5452122092247009
0.5932843089103699
0.4876309335231781
0.48421022295951843
0.4455358386039734
0.3981971740722656
0.4067673087120056
0.4124339520931244
0.42124468088150024
0.40525224804878235
0.3907771706581116
0.4056457579135895
0.3915439248085022
0.38583022356033325
0.4099586009979248
0.3657640516757965
0.39156168699264526
0.3803870677947998
0.3802659213542938
0.3755948543548584
0.36596572399139404
0.36263808608055115
0.39601820707321167
0.37746790051460266
0.3688425123691559
0.3261772394180298
0.33579882979393005
0.3718487024307251
0.3563045561313629
0.37692832946777344
0.3658166229724884
0.3622334897518158
0.3989928066730499
0.3392975330352783
0.3809674382209778
0.32601398229599
0.34930872917175293
0.35434097051620483
0.34413355588912964
0.35758695006370544
0.330751895904541
0.349657267332077
0.33785006403923035
0.3568717837333679
0.3563627600669861
0.31059253215789795
0.3178301453590393
0.3531084656715393
0.3377203643321991
0.38253897428512573
0.35997718572616577
0.37365949153900146
0.3510720431804657
0.33340364694595337
0.3387068510055542
0.3240484893321991
0.3057219088077545
0.2954065203666687
0.32248514890670776
0.3133505880832672
0.3324196934700012
0.3175327777862549
0.3371836841106415
0.3372829854488373
0.35545840859413147
0.32433032989501953
0.3175925314426422
0.3291616141796112
0.33614683151245117
0.3316885828971863
0.30654504895210266
0.3416892886161804
0.32825490832328796
0.34368398785591125
0.32301560044288635
0.30120527744293213
0.3326141834259033
0.3405003249645233
0.30598804354667664
0.3458535075187683
0.32235097885131836
0.31518280506134033
0.33426961302757263
0.30910608172416687
0.3387085795402527
0.2604775130748749
0.28418195247650146
0.293211966753006
0.31157737970352173
0.30146583914756775
0.3493611514568329
0.33438482880592346
0.3419506251811981
0.32499122619628906
0.3065657317638397
0.31243667006492615
0.3066103756427765
0.2944607734680176
0.3017674386501312
0.3112494945526123
0.31443172693252563
0.3011770248413086
0.3108183741569519
0.3400794267654419
0.3065303862094879
0.30773383378982544
0.31097981333732605
0.3223923146724701
0.30069994926452637
0.30324089527130127
0.3024453818798065
0.3006494343280792
0.3289473354816437
0.2890070378780365
0.2958340644836426
0.28196364641189575
0.2942087650299072
0.32879114151000977
0.29770997166633606
0.29308393597602844
0.30004647374153137
0.2922728359699249
0.2907639443874359
0.3125682473182678
0.3100593388080597
0.2921939194202423
0.2864796817302704
0.27284735441207886
0.3086467385292053
0.32439494132995605
0.3109748661518097
0.2961682677268982
0.2894798815250397
0.31387752294540405
0.31634092330932617
0.2908037006855011
0.2745807468891144
0.27011582255363464
0.2823363244533539
0.29612675309181213
0.30208584666252136
0.279394268989563
0.3117193877696991
0.29611316323280334
0.29822617769241333
0.2727885842323303
0.2500826120376587
0.308561235666275
0.29609549045562744
0.2940169870853424
0.2890753448009491
0.28678423166275024
0.28331974148750305
0.26936623454093933
0.3104902505874634
0.27629974484443665
0.278584361076355
0.2815595269203186
0.280327707529068
0.276631623506546
0.2736564874649048
0.2785211205482483
0.27840009331703186
0.29134124517440796
0.2781354784965515
0.26475873589515686
0.28628283739089966
0.2706303000450134
0.29731082916259766
0.2832990884780884
0.2976974546909332
0.32289984822273254
0.271659791469574
0.2749163806438446
0.2851850092411041
0.2733096778392792
0.2589224874973297
0.30923354625701904
0.2831280529499054
0.27425992488861084
0.2570786476135254
0.28036242723464966
0.2986326813697815
0.2706012427806854
0.29122450947761536
0.25707608461380005
0.27715829014778137
0.25588664412498474
0.2707332670688629
0.2814146876335144
0.288997083902359
0.2632359564304352
0.2925639748573303
0.28142860531806946
0.30085912346839905
0.2778852880001068
0.2663792371749878
0.2844892740249634
0.2807996869087219
0.25740846991539
0.2773445248603821
0.281875878572464
0.29536688327789307
0.2698018252849579
0.27590763568878174
0.2691047489643097
0.26275959610939026
0.2874112129211426
0.2511662542819977
0.2953031659126282
0.2766806185245514
0.3061043322086334
0.2655754089355469
0.2853236794471741
0.2590530216693878
0.27064040303230286
0.24449023604393005
0.2609591782093048
0.2757321894168854
0.2660697102546692
0.24057312309741974
0.26519525051116943
0.27503272891044617
0.29018887877464294
0.2891257405281067
0.2599371671676636
0.2439047396183014
0.2581108510494232
0.25007691979408264
0.26349854469299316
0.27772611379623413
0.25879982113838196
0.27977320551872253
0.271860808134079
0.2831263542175293
0.26661720871925354
0.2677963972091675
0.27448132634162903
0.2669094502925873
0.2788543403148651
0.26572516560554504
0.2810811698436737
0.27749207615852356
0.24770331382751465
0.26626038551330566
0.27992334961891174
0.25717419385910034
0.30119311809539795
0.26984748244285583
0.25400853157043457
0.2805315852165222
0.2651320695877075
0.2674195170402527
0.2749265730381012
0.2658935785293579
0.25289952754974365
0.2504255771636963
0.2715757489204407
0.2673490643501282
0.26255184412002563
0.2673642635345459
0.2527349293231964
0.2916930019855499
0.2651594877243042
0.26934245228767395
0.25718584656715393
0.2366952896118164
0.2654113173484802
0.2479720562696457
0.271506130695343
0.2833458483219147
0.24797704815864563
0.2670527398586273
0.26167017221450806
0.2622133791446686
0.2508043646812439
0.269971638917923
0.2625153660774231
0.25296956300735474
0.26313117146492004
0.28204968571662903
0.2612038254737854
0.2524133324623108
0.2609514892101288
0.2622777223587036
0.2520309090614319
0.27309370040893555
0.25859135389328003
0.260482519865036
0.265029639005661
0.25908246636390686
0.2786911129951477
0.2603161036968231
0.27372467517852783
0.28146591782569885
0.2564667761325836
0.2578771412372589
0.25089818239212036
0.24789994955062866
0.2624901533126831
0.2980305254459381
0.28519415855407715
0.264434278011322
0.2717800438404083
0.268037885427475
0.24410773813724518
0.23568277060985565
0.26345646381378174
0.2688436210155487
0.27128663659095764
0.24882204830646515
0.25573650002479553
0.27523329854011536
0.2840126156806946
0.25386109948158264
0.2722349464893341
0.26637300848960876
0.283380389213562
0.2703891396522522
0.25430676341056824
0.2714046239852905
0.2705771028995514
0.2691439986228943
0.26765045523643494
0.2619784474372864
0.2705687880516052
0.24470928311347961
0.2416449636220932
0.2731856405735016
0.26913997530937195
0.27855581045150757
0.266378253698349
0.26702800393104553
0.26861798763275146
0.28625819087028503
0.2543793022632599
0.2638910412788391
0.26550301909446716
0.25853094458580017
0.2849583029747009
0.2373022586107254
0.2779397666454315
0.2669578194618225
0.25998660922050476
0.27873483300209045
0.2570272386074066
0.27172911167144775
0.2584696114063263
0.24111320078372955
0.2804030776023865
0.24741394817829132
0.2630281448364258
0.2840540409088135
0.2621203064918518
0.27709436416625977
0.250344455242157
0.2539829909801483
0.2514578700065613
0.26193076372146606
0.247367724776268
0.2804819643497467
0.27134275436401367
0.22822029888629913
0.2656727135181427
0.2570510506629944
0.2526092827320099
0.24790692329406738
0.25952088832855225
0.25943607091903687
0.26221710443496704
0.2631515860557556
0.2555249333381653
0.24479082226753235
0.25713640451431274
0.250678151845932
0.24701374769210815
0.24069148302078247
0.2539999485015869
0.24498289823532104
0.23774071037769318
0.26266634464263916
0.2492084503173828
0.23441389203071594
0.2551000118255615
0.25511226058006287
0.2516230642795563
0.24602623283863068
0.24949191510677338
0.24974000453948975
0.24440133571624756
0.2523145079612732
0.24611136317253113
0.244350403547287
0.2517841160297394
0.23984596133232117
0.24989007413387299
0.21256610751152039
0.246434286236763
0.2439621537923813
0.2628662884235382
0.24824018776416779
0.23696744441986084
0.2243681252002716
0.24805930256843567
0.26461946964263916
0.21287775039672852
0.2464504837989807
0.24155530333518982
0.2540317177772522
0.22992175817489624
0.22258314490318298
0.2644382417201996
0.24113371968269348
0.24339209496974945
0.24064405262470245
0.22665293514728546
0.2566419839859009
0.22895728051662445
0.23681430518627167
0.2570055425167084
0.23329395055770874
0.2456495314836502
0.23998893797397614
0.25799277424812317
0.24673688411712646
0.2348654717206955
0.23558396100997925
0.24807074666023254
0.25693458318710327
0.22972901165485382
0.24476584792137146
0.24367648363113403
0.25043511390686035
0.24383467435836792
0.25247976183891296
0.23957502841949463
0.22530290484428406
0.230562224984169
0.237028568983078
0.2598353922367096
0.24781611561775208
0.2486259937286377
0.23583465814590454
0.24742491543293
0.2466423213481903
0.24468158185482025
0.24001707136631012
0.23775656521320343
0.20381583273410797
0.25057047605514526
0.23879919946193695
0.2374161332845688
0.244971364736557
0.26210498809814453
0.2551933526992798
0.23663680255413055
0.22176595032215118
0.2381724715232849
0.2639767825603485
0.25231486558914185
0.2393302470445633
0.2617267072200775
0.25403034687042236
0.26499292254447937
0.23985575139522552
0.2358047366142273
0.21710923314094543
0.23920394480228424
0.25053322315216064
0.2414070963859558
0.2611153721809387
0.24576520919799805
0.2540208399295807
0.2511175870895386
0.2486250400543213
0.2190520167350769
0.23503318428993225
0.2373296171426773
0.24819496273994446
0.24552592635154724
0.22700034081935883
0.2291739135980606
0.24855634570121765
0.2701067328453064
0.26646044850349426
0.25044673681259155
0.23733940720558167
0.23103785514831543
0.2387688159942627
0.23959730565547943
0.22402545809745789
0.25508561730384827
0.25215980410575867
0.24393682181835175
0.24575114250183105
0.23541270196437836
0.22967097163200378
0.2407618761062622
0.24031922221183777
0.26281294226646423
0.24814914166927338
0.2256321758031845
0.25211799144744873
0.2378419190645218
0.272874653339386
0.21704939007759094
0.23349711298942566
0.24836209416389465
0.24912862479686737
0.2469962239265442
0.24010969698429108
0.24805723130702972
0.228375643491745
0.2503430247306824
0.2287197858095169
0.24545839428901672
0.24174946546554565
0.2477445751428604
0.2161719650030136
0.25485169887542725
0.214395210146904
0.27083826065063477
0.2413478046655655
0.25730371475219727
0.2482905089855194
0.23340684175491333
0.2328638732433319
0.24044214189052582
0.25706222653388977
0.24333862960338593
0.2380472719669342
0.25098666548728943
0.2606029212474823
0.2488408386707306
0.24875514209270477
0.2472086250782013
0.25024381279945374
0.23820561170578003
0.2385035753250122
0.23318535089492798
0.226669043302536
0.22861020267009735
0.2592536509037018
0.2439756989479065
0.2620480954647064
0.23241913318634033
0.24025657773017883
0.23061485588550568
0.22432373464107513
0.2109088897705078
0.2420770823955536
0.24493198096752167
0.2647106349468231
0.24868789315223694
0.2338491678237915
0.23384177684783936
0.21357420086860657
0.23418006300926208
0.2428484410047531
0.25099509954452515
0.23681016266345978
0.2435867190361023
0.24627327919006348
0.2331146001815796
0.24159085750579834
0.24336040019989014
0.2381853312253952
0.23554229736328125
0.20937064290046692
0.24576954543590546
0.2383008748292923
0.2402811050415039
0.23158805072307587
0.22699634730815887
0.24319271743297577
0.23242069780826569
0.2243291437625885
0.22884351015090942
0.23841099441051483
0.24428986012935638
0.23921458423137665
0.23334641754627228
0.23380295932292938
0.24610742926597595
0.24506868422031403
0.2344275861978531
0.22384843230247498
0.24062800407409668
0.2358577400445938
0.24001039564609528
0.25720247626304626
0.23125028610229492
0.2213289737701416
0.229336217045784
0.255094438791275
0.22961203753948212
0.22096391022205353
0.22356519103050232
0.22216352820396423
0.2209067940711975
0.23488321900367737
0.26156115531921387
0.21441718935966492
0.24612516164779663
0.24090959131717682
0.2247241884469986
0.24195493757724762
0.25036585330963135
0.21889249980449677
0.22650474309921265
0.2529063820838928
0.23139069974422455
0.24150048196315765
0.23119279742240906
0.2368624359369278
0.24393770098686218
0.20949189364910126
0.21625325083732605
0.258614718914032
0.22226554155349731
0.24236704409122467
0.24938644468784332
0.2358773946762085
0.22632381319999695
0.2584480345249176
0.23683303594589233
0.2247610241174698
0.21900910139083862
0.25318264961242676
0.22393140196800232
0.23626813292503357
0.22567713260650635
0.23279130458831787
0.23056679964065552
0.24162034690380096
0.2177014946937561
0.21208100020885468
0.22416110336780548
0.22968018054962158
0.23954063653945923
0.24241428077220917
0.20393498241901398
0.23533853888511658
0.2377200424671173
0.24412186443805695
0.22305898368358612
0.21786804497241974
0.2131473422050476
0.23002995550632477
0.22331728041172028
0.24195274710655212
0.23119673132896423
0.24861955642700195
0.2444961816072464
0.24211113154888153
0.2205183058977127
0.22768308222293854
0.21476851403713226
0.23994705080986023
0.23018287122249603
0.21995136141777039
0.23461848497390747
0.23847801983356476
0.21524836122989655
0.22529278695583344
0.22111621499061584
0.23693253099918365
0.23900313675403595
0.23134806752204895
0.24999350309371948
0.26163020730018616
0.22204433381557465
0.23529495298862457
0.2359003871679306
0.2314029484987259
0.21457065641880035
0.22165986895561218
0.23013077676296234
0.24376974999904633
0.2199704945087433
0.22667643427848816
0.24024994671344757
0.2446107715368271
0.24711808562278748
0.27384698390960693
0.21505038440227509
0.22238701581954956
0.22529202699661255
0.2219957858324051
0.23188945651054382
0.24653732776641846
0.22631311416625977
0.24740974605083466
0.25063222646713257
0.24093931913375854
0.21093742549419403
0.2178105264902115
0.2253924012184143
0.23122504353523254
0.2565847933292389
0.24979498982429504
0.2429843246936798
0.2348702847957611
0.219461590051651
0.2270491123199463
0.22293724119663239
0.22434407472610474
0.2258334755897522
0.2291220873594284
0.24463316798210144
0.20932815968990326
0.2349376678466797
0.24082410335540771
0.24456098675727844
0.2531014680862427
0.22508758306503296
0.23197303712368011
0.25899749994277954
0.2310217171907425
0.23996463418006897
0.24988393485546112
0.21765971183776855
0.24540825188159943
0.22047296166419983
0.24121148884296417
0.21014781296253204
0.23379716277122498
0.20781254768371582
0.21792760491371155
0.2161702662706375
0.24482746422290802
0.24052344262599945
0.24615488946437836
0.2669776380062103
0.2216373085975647
0.23395027220249176
0.25339674949645996
0.22276270389556885
0.2292044758796692
0.23482249677181244
0.23295390605926514
0.22255939245224
0.23808081448078156
0.2330930233001709
0.2399670034646988
0.22291724383831024
0.21754604578018188
0.22879399359226227
0.25258538126945496
0.22990266978740692
0.24073752760887146
0.21731945872306824
0.25746628642082214
0.23237991333007812
0.22256048023700714
0.2150799185037613
0.22356460988521576
0.22406716644763947
0.23574809730052948
0.22348254919052124
0.2412065714597702
0.23308727145195007
0.25001421570777893
0.23192740976810455
0.2432876080274582
0.22189633548259735
0.20204627513885498
0.24900665879249573
0.24411997199058533
0.23843088746070862
0.23694296181201935
0.23406751453876495
0.2193344086408615
0.24795669317245483
0.23487919569015503
0.2313954383134842
0.22565428912639618
0.20696726441383362
0.24185945093631744
0.23350068926811218
0.25300851464271545
0.2538403272628784
0.2565241754055023
0.242730975151062
0.2443542331457138
0.215433269739151
0.22793982923030853
0.22144074738025665
0.22233091294765472
0.2482236623764038
0.21921756863594055
0.21968962252140045
0.2629382014274597
0.23917759954929352
0.23116105794906616
0.2035970687866211
0.2369455248117447
0.22897464036941528
0.2329189032316208
0.2404930740594864
0.23158802092075348
0.24802426993846893
0.2394804060459137
0.2500896751880646
0.23233884572982788
0.21502937376499176
0.22472907602787018
0.22169458866119385
0.24599988758563995
0.2232089638710022
0.2484171837568283
0.22719132900238037
0.22235971689224243
0.24128936231136322
0.21493741869926453
0.2283412516117096
0.25017935037612915
0.23664796352386475
0.24056370556354523
0.22793403267860413
0.25001785159111023
0.22351530194282532
0.25617721676826477
0.24088464677333832
0.21515409648418427
0.2279871702194214
0.22038862109184265
0.21954530477523804
0.2578834295272827
0.2215910106897354
0.2498568743467331
0.2501702308654785
0.22268769145011902
0.2444804608821869
0.23516087234020233
0.22151640057563782
0.22082450985908508
0.23161830008029938
0.2065427005290985
0.23561213910579681
0.25003334879875183
0.23530596494674683
0.23403355479240417
0.22155652940273285
0.23216721415519714
0.21773336827754974
0.20835921168327332
0.2436712682247162
0.22656796872615814
0.2535874843597412
0.23577052354812622
0.23277316987514496
0.2412092387676239
0.22219020128250122
0.2530192732810974
0.23705686628818512
0.23433652520179749
0.21154078841209412
0.22269007563591003
0.21494758129119873
0.23570971190929413
0.2247246652841568
0.22027814388275146
0.2303881049156189
0.24098506569862366
0.23159809410572052
0.2393563687801361
0.22463169693946838
0.22542093694210052
0.23537474870681763
0.22302484512329102
0.2308574616909027
0.22669698297977448
0.23229442536830902
0.24254931509494781
0.22270601987838745
0.2209443747997284
0.20386861264705658
0.23578272759914398
0.23233655095100403
0.2388003021478653
0.22179651260375977
0.23374243080615997
0.2285681813955307
0.23617041110992432
0.20111386477947235
0.22002100944519043
0.22277216613292694
0.25522851943969727
0.23956169188022614
0.22664108872413635
0.23556087911128998
0.2596713900566101
0.22922074794769287
0.24320319294929504
0.21308603882789612
0.23240767419338226
0.24173304438591003
0.26648226380348206
0.21360783278942108
0.21316052973270416
0.22628867626190186
0.22214515507221222
0.2199321985244751
0.2350921779870987
0.20870591700077057
0.220961332321167
0.2273324579000473
0.23074951767921448
0.23526674509048462
0.24887867271900177
0.20889414846897125
0.22608481347560883
0.239326611161232
0.21525773406028748
0.2110203355550766
0.2381187528371811
0.22116345167160034
0.22174252569675446
0.21684612333774567
0.24569055438041687
0.22196993231773376
0.23598100244998932
0.22194541990756989
0.23530404269695282
0.23248621821403503
0.22296452522277832
0.22585242986679077
0.22980979084968567
0.21451294422149658
0.21671579778194427
0.21064497530460358
0.2455340176820755
0.23046736419200897
0.2318773716688156
0.20674772560596466
0.23169369995594025
0.2314024716615677
0.23666775226593018
0.22749784588813782
0.2122875452041626
0.20962224900722504
0.21715940535068512
0.24228666722774506
0.22420714795589447
0.2067480832338333
0.22054636478424072
0.2181239277124405
0.22740337252616882
0.22258850932121277
0.22199511528015137
0.2329094260931015
0.22021901607513428
0.22315174341201782
0.23318491876125336
0.21557649970054626
0.23574809730052948
0.22202809154987335
0.2384503334760666
0.22538383305072784
0.22841306030750275
0.23522312939167023
0.23792694509029388
0.21799512207508087
0.21982114017009735
0.22909702360630035
0.21704018115997314
0.21351578831672668
0.21345624327659607
0.21806907653808594
0.23659853637218475
0.23325113952159882
0.22622635960578918
0.23282040655612946
0.25704750418663025
0.2528131902217865
0.22279728949069977
0.22082896530628204
0.24878418445587158
0.19397465884685516
0.22393567860126495
0.192255899310112
0.21789170801639557
0.22419574856758118
0.2193431258201599
