Mean Rank: 14, 2
Mean RR: 0.2088, 0.8130
Hit@1: 0.0734, 0.6762
Hit@3: 0.2020, 0.9440
Hit@5: 0.3048, 0.9629
Hit@10: 0.5726, 0.9758
0.8173049092292786
0.7680623531341553
0.824247419834137
0.7060233354568481
0.6605775356292725
0.6354591250419617
0.5943747758865356
0.5961284041404724
0.5737643241882324
0.5187889337539673
0.5109666585922241
0.497855544090271
0.48873549699783325
0.50409996509552
0.4987408518791199
0.49176302552223206
0.4851865768432617
0.5006453990936279
0.47155821323394775
0.47023773193359375
0.45441851019859314
0.45352619886398315
0.44374629855155945
0.4409651756286621
0.44850802421569824
0.44475334882736206
0.4483076333999634
0.4718112051486969
0.4515320956707001
0.45034366846084595
0.4415280222892761
0.4401231110095978
0.4451559782028198
0.4286440908908844
0.4345446825027466
0.43435758352279663
0.4466954469680786
0.42889106273651123
0.43103861808776855
0.43388310074806213
0.43393421173095703
0.40384918451309204
0.4377973973751068
0.41443103551864624
0.40269631147384644
0.4197550415992737
0.42712873220443726
0.4088803231716156
0.42781543731689453
0.4109012186527252
0.413413941860199
0.3970656991004944
0.4040162265300751
0.4130852222442627
0.4229791760444641
0.4134419560432434
0.41660067439079285
0.42057108879089355
0.4151451885700226
0.41695547103881836
0.40903088450431824
0.415740042924881
0.41336074471473694
0.4216731786727905
0.40614578127861023
0.4087405502796173
0.41521161794662476
0.3967522382736206
0.4060085415840149
0.41087794303894043
0.3830448389053345
0.41952961683273315
0.39659321308135986
0.4141806960105896
0.41212525963783264
0.4022981524467468
0.39521411061286926
0.4008321762084961
0.4044627547264099
0.400691419839859
0.39938950538635254
0.40652650594711304
0.3912373185157776
0.40747198462486267
0.4003732204437256
0.40274661779403687
0.39568328857421875
0.4112759232521057
0.40068215131759644
0.4075416326522827
0.37991032004356384
0.389894962310791
0.38017895817756653
0.3912377953529358
0.3911648988723755
0.4165733754634857
0.39918750524520874
0.40495771169662476
0.40412163734436035
0.4074867069721222
0.3897237181663513
0.3829806447029114
0.36878424882888794
0.3978117108345032
0.3944088816642761
0.39745765924453735
0.40175676345825195
0.4113590717315674
0.37473464012145996
0.4021105170249939
0.4026148319244385
0.3785528242588043
0.38283348083496094
0.3702815771102905
0.39173001050949097
0.3987930417060852
0.4095097780227661
0.3915613889694214
0.3779044449329376
0.396856427192688
0.3653753399848938
0.3954264223575592
0.3985462784767151
0.3949583172798157
0.3956493139266968
0.3814365863800049
0.3874835968017578
0.40656521916389465
0.3827139139175415
0.39843425154685974
0.3802492618560791
0.38906484842300415
0.3754662871360779
0.3986731171607971
0.3837149143218994
0.38471436500549316
0.3893221914768219
0.3958450257778168
0.3808746933937073
0.39573803544044495
0.38715940713882446
0.3874378800392151
0.3644631803035736
0.3848620355129242
0.38485801219940186
0.37628307938575745
0.38782209157943726
0.3845871388912201
0.3820498585700989
0.38522008061408997
0.3779221177101135
0.36184272170066833
0.38669928908348083
0.3939836621284485
0.37629544734954834
0.3786426782608032
0.39281466603279114
0.4043080806732178
0.4016039967536926
0.3942294120788574
0.3945208191871643
0.3785141408443451
0.39273524284362793
0.3841792047023773
0.38593560457229614
0.36845317482948303
0.3820515275001526
0.38896867632865906
0.3859412670135498
0.3913654386997223
0.37476593255996704
0.36779463291168213
0.39259570837020874
0.3868524730205536
0.3862013518810272
0.3786765933036804
0.3729214668273926
0.3889387845993042
0.381537526845932
0.3947109878063202
0.36837631464004517
0.3894379138946533
0.3680528998374939
0.38514670729637146
0.3758625388145447
0.37478774785995483
0.3797140419483185
0.38340523838996887
0.3867075443267822
0.39291107654571533
0.38806813955307007
0.372826486825943
0.39284276962280273
0.36758333444595337
0.3684525787830353
0.39665675163269043
0.3862460255622864
0.3781195282936096
0.37575143575668335
0.3773118257522583
0.3749675750732422
0.3655011057853699
0.3875011205673218
0.36495107412338257
0.3811849057674408
0.40351831912994385
0.36421290040016174
0.373423308134079
0.3810606002807617
0.3978346884250641
0.3730291724205017
0.3734615445137024
0.3793816566467285
0.3620351552963257
0.38468480110168457
0.3972160220146179
0.3689173460006714
0.38437360525131226
0.3813928961753845
0.37734323740005493
0.3909713923931122
0.38187918066978455
0.38780903816223145
0.37558606266975403
0.37429726123809814
0.39416417479515076
0.3825472593307495
0.38406941294670105
0.3892640471458435
0.38145172595977783
0.3817444443702698
0.37463390827178955
0.37263643741607666
0.38244813680648804
0.3695034086704254
0.38550230860710144
0.3838719129562378
0.3817881643772125
0.3873603343963623
0.3635752201080322
0.36032700538635254
0.36921465396881104
0.3873916268348694
0.39192453026771545
0.3718859553337097
0.37823593616485596
0.3814736306667328
0.3975147008895874
0.3860529065132141
0.3940836191177368
0.3732694387435913
0.38681256771087646
0.3704044818878174
0.38878393173217773
0.38854560256004333
0.37941718101501465
0.3772878646850586
0.36626505851745605
0.3647994101047516
0.3846662640571594
0.3777397871017456
0.3713519275188446
0.3747376501560211
0.3711581826210022
0.3651001751422882
0.38328292965888977
0.37862923741340637
0.3837914764881134
0.38804155588150024
0.39564722776412964
0.364421010017395
0.36736786365509033
0.3793998956680298
0.38049715757369995
0.3669445216655731
0.3884811997413635
0.3712151348590851
0.3822076916694641
0.378869891166687
0.4069025218486786
0.3645993173122406
0.3626808524131775
0.3891512155532837
0.3722309470176697
0.3792191743850708
0.37584561109542847
0.38578784465789795
0.3757450580596924
0.38639628887176514
0.3860606551170349
0.3810313045978546
0.3654165267944336
0.39125609397888184
0.3669755160808563
0.37918710708618164
0.3803715705871582
0.3790682554244995
0.37887030839920044
0.38781771063804626
0.3820686936378479
0.37399423122406006
0.37935101985931396
0.3770069181919098
0.36810046434402466
0.38030487298965454
0.36462900042533875
0.37191566824913025
0.37974271178245544
0.36957651376724243
0.3926086127758026
0.37266695499420166
0.3738926649093628
0.3783407211303711
0.3579534888267517
0.385989785194397
0.3816189467906952
0.3807467818260193
0.35635852813720703
0.4033746123313904
0.380931556224823
0.37090250849723816
0.37660402059555054
0.3709176182746887
0.3757425844669342
0.37549686431884766
0.367636114358902
0.3990437090396881
0.3693349063396454
0.3659810423851013
0.37076446413993835
0.3583831191062927
0.3804773688316345
0.3702695369720459
0.3652454614639282
0.3698246479034424
0.3633301854133606
0.3845047950744629
0.37897157669067383
0.38072067499160767
0.3810703754425049
0.37143999338150024
0.36523914337158203
0.3720933198928833
0.37189075350761414
0.3652324378490448
0.3766515851020813
0.36177387833595276
0.37573593854904175
0.3818955421447754
0.37285804748535156
0.35763177275657654
0.357885479927063
0.37869971990585327
0.36761629581451416
0.3922044634819031
0.3652482032775879
0.38611242175102234
0.3797155022621155
0.36842602491378784
0.38004833459854126
0.3640560209751129
0.36256349086761475
0.37174567580223083
0.3798882067203522
0.3787328004837036
0.3764004707336426
0.36090806126594543
0.3686233162879944
0.3720908761024475
0.37170541286468506
0.3681691884994507
0.3640581965446472
0.35840269923210144
0.3700409531593323
0.3624500036239624
0.37363573908805847
0.3914411962032318
0.3906460702419281
0.3856731355190277
0.3817301392555237
0.35588207840919495
0.3575761914253235
0.3649371862411499
0.36029165983200073
0.3680807948112488
0.37340614199638367
0.35790157318115234
0.39116615056991577
0.36382973194122314
0.37957999110221863
0.3654836118221283
0.3669207990169525
0.3818322420120239
0.38210955262184143
0.3861577808856964
0.3599012494087219
0.3712272047996521
0.3564928472042084
0.3838610053062439
0.3886661231517792
0.3809761106967926
0.3885520100593567
0.36890101432800293
0.37491750717163086
0.37574827671051025
0.36785781383514404
0.37324559688568115
0.36227869987487793
0.3744024634361267
0.34975552558898926
0.3572308421134949
0.3715533912181854
0.37980642914772034
0.36435070633888245
0.3850100040435791
0.3671083450317383
0.3717014193534851
0.3735694885253906
0.3712749183177948
0.3783656060695648
0.37531179189682007
0.3891397714614868
0.3549736738204956
0.35177457332611084
0.3668014109134674
0.4023439884185791
0.3788001537322998
0.36868536472320557
0.3700897693634033
0.36481669545173645
0.37383776903152466
0.36841851472854614
0.36146280169487
0.3760626018047333
0.3627156615257263
0.38181746006011963
0.38363251090049744
0.3736581802368164
0.3709269165992737
0.36354464292526245
0.3619426190853119
0.3714295029640198
0.37650594115257263
0.36636942625045776
0.35218632221221924
0.3909153342247009
0.3730209469795227
0.4065088629722595
0.36744576692581177
0.36943379044532776
0.3875022232532501
0.3797013759613037
0.3626044988632202
0.3578116297721863
0.3613753318786621
0.3595373034477234
0.3560561537742615
0.37902751564979553
0.3965405225753784
0.37973320484161377
0.37333250045776367
0.35810476541519165
0.36321884393692017
0.37421315908432007
0.36212727427482605
0.37840306758880615
0.35082489252090454
0.3688865900039673
0.36495333909988403
0.39256447553634644
0.37630409002304077
0.3615083694458008
0.375687837600708
0.3737980127334595
0.35481229424476624
0.3562712073326111
0.36376357078552246
0.3833807110786438
0.36957764625549316
0.3715020716190338
0.3558702766895294
0.374510794878006
0.3656718134880066
0.37732943892478943
0.366987407207489
0.3700289726257324
0.374658465385437
0.38432949781417847
0.3647480905056
0.3746423125267029
0.36564892530441284
0.36111390590667725
0.35447728633880615
0.35836854577064514
0.35572385787963867
0.3691517412662506
0.36907464265823364
0.36579400300979614
0.3815685212612152
0.3885342478752136
0.37038207054138184
0.3680504262447357
0.36715149879455566
0.3655349016189575
0.37827837467193604
0.3848298192024231
0.38034528493881226
0.35367727279663086
0.3535919487476349
0.374664843082428
0.3642314374446869
0.3509479761123657
0.37205278873443604
0.3810615539550781
0.35541531443595886
0.37442129850387573
0.37104231119155884
0.36953121423721313
0.3646490275859833
0.3750757575035095
0.3719908595085144
0.37019580602645874
0.3519956171512604
0.35937049984931946
0.37730294466018677
0.38256555795669556
0.3724278211593628
0.3555261492729187
0.3762080669403076
0.36574578285217285
0.3763014078140259
0.35816341638565063
0.3531434237957001
0.35976603627204895
0.3715587258338928
0.3806470036506653
0.36828166246414185
0.3577176332473755
0.36008939146995544
0.36378031969070435
0.34561699628829956
0.3725481927394867
0.36119019985198975
0.37537240982055664
0.35976576805114746
0.3756008744239807
0.38670575618743896
0.36385709047317505
0.3753024935722351
0.35672667622566223
0.3404688835144043
0.34879809617996216
0.37406572699546814
0.36932915449142456
0.36684879660606384
0.3786572813987732
0.38356488943099976
0.37448543310165405
0.35748177766799927
0.37049269676208496
0.3706188499927521
0.3675368130207062
0.3629978895187378
0.3782718777656555
0.37276485562324524
0.3744312524795532
0.3508000671863556
0.36129188537597656
0.35877853631973267
0.3682210147380829
0.3420063555240631
0.3473723828792572
0.3751984238624573
0.3759831190109253
0.3810775876045227
0.36835935711860657
0.36933380365371704
0.3768363296985626
0.38176658749580383
0.37028104066848755
0.3636413812637329
0.37588149309158325
0.3592209815979004
0.35355132818222046
0.3719121515750885
0.35212457180023193
0.3633638024330139
0.3675239682197571
0.37518447637557983
0.37272167205810547
0.36694276332855225
0.3589264750480652
0.35390177369117737
0.3785982131958008
0.36010468006134033
0.3667776584625244
0.3599211573600769
0.3689832091331482
0.3836914300918579
0.3952622413635254
0.36920422315597534
0.35926175117492676
0.34929293394088745
0.371662437915802
0.3601410984992981
0.38770294189453125
0.3597356081008911
0.3747353255748749
0.36898908019065857
0.36577108502388
0.350235253572464
0.37610071897506714
0.38119301199913025
0.3597455322742462
0.364452600479126
0.3900247812271118
0.36659300327301025
0.3564966320991516
0.3718109726905823
0.36854052543640137
0.3713364601135254
0.37380701303482056
0.37940073013305664
0.37832579016685486
0.3683478832244873
0.35576725006103516
0.3698899745941162
0.36168134212493896
0.3640778064727783
0.37804049253463745
0.37764906883239746
0.3644765317440033
0.35882851481437683
0.37685883045196533
0.3587927222251892
0.3529433012008667
0.38164013624191284
0.3809114098548889
0.36761540174484253
0.35473036766052246
0.3587363064289093
0.3585900366306305
0.3781723976135254
0.37352341413497925
0.3714456558227539
0.3691628575325012
0.3633107841014862
0.367300808429718
0.3554275631904602
0.3731112480163574
0.3619168698787689
0.3777831792831421
0.3776788115501404
0.3742082417011261
0.36393457651138306
0.36036646366119385
0.3690793812274933
0.37392210960388184
0.37531495094299316
0.36666715145111084
0.360838919878006
0.3658497929573059
0.3626423478126526
0.37781524658203125
0.3900741934776306
0.3499756157398224
0.3708959221839905
0.37137943506240845
0.3673061430454254
0.3712020218372345
0.3678100109100342
0.36798855662345886
0.3508947193622589
0.36824947595596313
0.36324799060821533
0.3656489849090576
0.3790731430053711
0.37389320135116577
0.3655779957771301
0.3624773919582367
0.3632645606994629
0.3552978038787842
0.3665406405925751
0.36608317494392395
0.36295270919799805
0.37170931696891785
0.34250685572624207
0.3707040548324585
0.3649733364582062
0.3780738115310669
0.36047089099884033
0.3535083532333374
0.3685206174850464
0.3605440557003021
0.366035521030426
0.3684900999069214
0.370690256357193
0.3554040193557739
0.35887911915779114
0.37895381450653076
0.3588212728500366
0.36748558282852173
0.3657122850418091
0.3590275049209595
0.37261462211608887
0.3788360357284546
0.3689309358596802
0.37557554244995117
0.364549458026886
0.3577048182487488
0.35493600368499756
0.3610917329788208
0.3634563386440277
0.3672998547554016
0.36848169565200806
0.3345438241958618
0.3761003613471985
0.3843551278114319
0.3667040765285492
0.38770797848701477
0.3497830033302307
0.395317405462265
0.34786105155944824
0.3751389980316162
0.37387320399284363
0.3613094687461853
0.36165034770965576
0.3687308132648468
0.35869723558425903
0.3670870065689087
0.353177547454834
0.36548173427581787
0.3815234303474426
0.35393279790878296
0.37457698583602905
0.36886999011039734
0.3819211423397064
0.3597235381603241
0.36196011304855347
0.36654913425445557
0.36168938875198364
0.3660500943660736
0.3706086575984955
0.36490508913993835
0.3730318546295166
0.35292425751686096
0.3598593473434448
0.35925471782684326
0.3647136390209198
0.3608763813972473
0.3551032543182373
0.37655797600746155
0.36932486295700073
0.37833064794540405
0.37590694427490234
0.3553731143474579
0.37467989325523376
0.39880627393722534
0.36187028884887695
0.3537938594818115
0.3811928331851959
0.3543098270893097
0.36116504669189453
0.35620707273483276
0.3668869733810425
0.3690190613269806
0.35945263504981995
0.3576878309249878
0.36212921142578125
0.37022921442985535
0.37324613332748413
0.36097753047943115
0.35501134395599365
0.36334478855133057
0.3505941331386566
0.36030060052871704
0.37043845653533936
0.3588023781776428
0.3815411329269409
0.3508012294769287
0.35797661542892456
0.35917311906814575
0.3660719692707062
0.34650900959968567
0.37816521525382996
0.36504602432250977
0.364441454410553
0.374443918466568
0.37661656737327576
0.360148549079895
0.3820529580116272
0.3654813766479492
0.3409244120121002
0.36728864908218384
0.35885825753211975
0.3864958882331848
0.3616706132888794
0.3632323145866394
0.36413949728012085
0.37681517004966736
0.36841800808906555
0.3654897212982178
0.37233689427375793
0.35824620723724365
0.3666344881057739
0.3697977066040039
0.3778262138366699
0.35299402475357056
0.34605878591537476
0.3607211112976074
0.351252019405365
0.3577639162540436
0.3658897876739502
0.36328983306884766
0.3632495105266571
0.3581610321998596
0.37448373436927795
0.3562837243080139
0.3899846076965332
0.3672786355018616
0.3638557195663452
0.35398226976394653
0.3673025965690613
0.36570706963539124
0.3710980713367462
0.37098872661590576
0.3785279393196106
0.3641313910484314
0.3624662160873413
0.37913382053375244
0.37090057134628296
0.3604147434234619
0.3750016689300537
0.3677375316619873
0.3661734163761139
0.3722712993621826
0.365719199180603
0.3522331714630127
0.3736232817173004
0.37117815017700195
0.36807313561439514
0.37795329093933105
0.3613053560256958
0.3501355051994324
0.34265294671058655
0.36842185258865356
0.38273099064826965
0.36616209149360657
0.3668634295463562
0.36785057187080383
0.34410837292671204
0.3569616675376892
0.35541433095932007
0.36821848154067993
0.37672460079193115
0.3620471954345703
0.37406396865844727
0.3779516816139221
0.37452223896980286
0.3606951832771301
0.36914634704589844
0.37596452236175537
0.3733633756637573
0.3631225824356079
0.34993189573287964
0.37461400032043457
0.3536474108695984
0.3809644877910614
0.3657756447792053
0.3541589379310608
0.36190229654312134
0.37411582469940186
0.34779092669487
0.3562053442001343
0.3725356459617615
0.3679251968860626
0.3679835796356201
0.36299198865890503
0.35408294200897217
0.37088876962661743
0.3668105900287628
0.3572768270969391
0.3644120693206787
0.36734652519226074
0.37450870871543884
0.379441499710083
0.35202890634536743
0.36729681491851807
0.38066115975379944
0.367741197347641
0.349837988615036
0.3775414526462555
0.37920498847961426
0.3617609739303589
0.357296884059906
0.38526004552841187
0.3559635281562805
0.3710483908653259
0.3539634346961975
0.3800613582134247
0.37386852502822876
0.3613654375076294
0.3716461658477783
0.34379270672798157
0.3684338927268982
0.3769528269767761
0.37585246562957764
0.3663928210735321
0.36073535680770874
0.36517128348350525
0.35779011249542236
0.3775504231452942
0.3552197515964508
0.35419613122940063
0.3574562072753906
0.3762381970882416
0.3525853753089905
0.3822877109050751
0.35759302973747253
0.37298643589019775
0.35707610845565796
0.3629601001739502
0.3621363341808319
0.3896174430847168
0.36994969844818115
0.36085426807403564
0.36471304297447205
0.37695714831352234
0.3845975995063782
0.37494421005249023
0.35276275873184204
0.3625889718532562
0.36135849356651306
0.35430800914764404
0.3650347888469696
0.35317128896713257
0.3606988191604614
0.37856417894363403
0.3765714466571808
0.36090320348739624
0.3660670518875122
0.35973039269447327
0.3556997776031494
0.35900601744651794
0.3708706498146057
0.37177085876464844
0.37195056676864624
0.3647194504737854
0.37412428855895996
0.3633098602294922
0.3593021631240845
0.34627461433410645
0.385499507188797
0.36385729908943176
0.3598805367946625
0.3600362539291382
0.3756266236305237
0.36242806911468506
0.3692222237586975
0.3702300786972046
0.3554307818412781
0.3697968125343323
0.37474286556243896
0.35963165760040283
0.36593592166900635
0.365908145904541
0.35297828912734985
0.36442330479621887
0.36243748664855957
0.3742917478084564
0.34974104166030884
0.3551614284515381
0.38911277055740356
0.3601756989955902
0.369493693113327
0.3707783818244934
0.359677791595459
0.392001211643219
0.35823854804039
0.3678884506225586
0.36297526955604553
0.3709142208099365
0.35134071111679077
0.36138850450515747
0.37063029408454895
0.3665292263031006
0.38449716567993164
0.3772764205932617
0.3558117747306824
0.34887805581092834
0.3570765256881714
0.35397014021873474
0.3715876042842865
0.3709445595741272
0.3629329800605774
0.3724324107170105
0.35361602902412415
0.3676266074180603
0.36615729331970215
0.36731964349746704
