Mean Rank: 16, 3
Mean RR: 0.1682, 0.6627
Hit@1: 0.0401, 0.4259
Hit@3: 0.1445, 0.8903
Hit@5: 0.2466, 0.9387
Hit@10: 0.4985, 0.9743
4.920352935791016
4.113154888153076
1.3376250267028809
1.0287433862686157
0.9803518652915955
1.839365839958191
0.9434211850166321
1.8941117525100708
0.9209724068641663
1.447760820388794
0.8628693222999573
1.1518193483352661
0.7620211839675903
0.865792453289032
0.6700018048286438
0.6945065259933472
0.6075081825256348
0.6049115061759949
0.5529593825340271
0.5641521215438843
0.5175327062606812
0.5198851823806763
0.4991895854473114
0.5000088810920715
0.5044112801551819
0.5235949754714966
0.5686308741569519
0.49411123991012573
0.5223364233970642
0.5744487047195435
0.5018215775489807
0.5015133619308472
0.52764892578125
0.4963947832584381
0.4953176975250244
0.5210778117179871
0.48466023802757263
0.5056645274162292
0.4914230704307556
0.5258184671401978
0.49052467942237854
0.4843662977218628
0.47660067677497864
0.47982820868492126
0.4899578392505646
0.4940725862979889
0.4874422550201416
0.49367788434028625
0.5222012996673584
0.4839773178100586
0.46469420194625854
0.4898439049720764
0.46495291590690613
0.4686864912509918
0.4755561351776123
0.48906606435775757
0.45148879289627075
0.5367223024368286
0.5157873034477234
0.4886343479156494
0.48098936676979065
0.4435855746269226
0.48219504952430725
0.46227312088012695
0.49597805738449097
0.4655257761478424
0.4660030007362366
0.45518890023231506
0.4507584273815155
0.48990872502326965
0.4551793336868286
0.4687594175338745
0.47773557901382446
0.42770856618881226
0.5109355449676514
0.45098060369491577
0.4915483891963959
0.45378559827804565
0.47843924164772034
0.47044190764427185
0.4434730112552643
0.49370869994163513
0.4648270606994629
0.4431228041648865
0.4395548105239868
0.4602394104003906
0.4484563171863556
0.4614618420600891
0.4943563938140869
0.45245420932769775
0.45512673258781433
0.4445509910583496
0.46831128001213074
0.4769834876060486
0.4736870229244232
0.4718613624572754
0.4589783847332001
0.44677162170410156
0.4567776024341583
0.4453001916408539
0.4337778091430664
0.42369988560676575
0.43265295028686523
0.42268919944763184
0.4420926868915558
0.4695093035697937
0.4774034023284912
0.44868507981300354
0.45201563835144043
0.49370887875556946
0.40318170189857483
0.43714967370033264
0.43498677015304565
0.45409172773361206
0.4505417048931122
0.4042259156703949
0.46062755584716797
0.4470312297344208
0.44411659240722656
0.44416549801826477
0.45128199458122253
0.4274958074092865
0.4296822249889374
0.46238213777542114
0.44747626781463623
0.4444963037967682
0.4338991940021515
0.4297783076763153
0.4511065185070038
0.4381404519081116
0.44475170969963074
0.4209447205066681
0.42183077335357666
0.471948504447937
0.4606148898601532
0.4627235233783722
0.4139721393585205
0.41142410039901733
0.4128566384315491
0.44186070561408997
0.38209596276283264
0.4365101158618927
0.42325758934020996
0.457025945186615
0.4109064042568207
0.4127497375011444
0.44572412967681885
0.4256162643432617
0.43447640538215637
0.45414313673973083
0.3943486511707306
0.4264881908893585
0.4131259322166443
0.4355366826057434
0.4404175281524658
0.40309980511665344
0.4374224841594696
0.44934776425361633
0.43223243951797485
0.48136672377586365
0.4396575391292572
0.430886447429657
0.4295223653316498
0.4305097758769989
0.4229554533958435
0.40269550681114197
0.4525632858276367
0.4364410638809204
0.41157135367393494
0.46323391795158386
0.38704609870910645
0.38393741846084595
0.4426284730434418
0.43486830592155457
0.41932445764541626
0.43042615056037903
0.4456448554992676
0.40755584836006165
0.4602278172969818
0.45698240399360657
0.42254167795181274
0.44549569487571716
0.4330122470855713
0.41861286759376526
0.3838096559047699
0.4044511616230011
0.40596804022789
0.4324796795845032
0.44142231345176697
0.4574919641017914
0.42259442806243896
0.4291084408760071
0.4514242708683014
0.4188806712627411
0.4404310882091522
0.42747753858566284
0.4214642643928528
0.441436767578125
0.41676416993141174
0.4371320903301239
0.40714070200920105
0.41979047656059265
0.41093769669532776
0.415537565946579
0.42614778876304626
0.39876610040664673
0.43313220143318176
0.43331053853034973
0.4147680103778839
0.4367770552635193
0.4097355306148529
0.4013065695762634
0.41594019532203674
0.4261207580566406
0.44239649176597595
0.42527908086776733
0.4424326419830322
0.45482614636421204
0.43386581540107727
0.41042831540107727
0.3863815665245056
0.4291357696056366
0.40605953335762024
0.42038142681121826
0.42585256695747375
0.436551034450531
0.4461230933666229
0.4254738390445709
0.42836445569992065
0.4308494031429291
0.41890016198158264
0.4158477187156677
0.4193126857280731
0.39598149061203003
0.3975234925746918
0.39699476957321167
0.4255971610546112
0.4331180155277252
0.4281961917877197
0.4458017647266388
0.4193301796913147
0.4175478219985962
0.4094833731651306
0.4024941921234131
0.435993492603302
0.43968963623046875
0.44279107451438904
0.4375465512275696
0.43784278631210327
0.44437241554260254
0.40768134593963623
0.42937740683555603
0.3973737359046936
0.41517913341522217
0.43534308671951294
0.43278834223747253
0.41650429368019104
0.43390730023384094
0.4019449055194855
0.4616715908050537
0.3867793381214142
0.4432338774204254
0.404930979013443
0.4288589060306549
0.4036770761013031
0.4239887297153473
0.4254683256149292
0.4289063811302185
0.4338535964488983
0.4374421536922455
0.3831952214241028
0.4128633737564087
0.4011410176753998
0.4321453273296356
0.43192869424819946
0.41258832812309265
0.4096722900867462
0.44434621930122375
0.43412333726882935
0.4403267502784729
0.4171527922153473
0.40839338302612305
0.4373255968093872
0.4039367437362671
0.4015800356864929
0.43499433994293213
0.423121839761734
0.40313345193862915
0.4071965515613556
0.4234844446182251
0.3788004517555237
0.37460964918136597
0.419231116771698
0.421190083026886
0.4132687449455261
0.41427889466285706
0.4092128872871399
0.4252249300479889
0.41577908396720886
0.4413484036922455
0.40575605630874634
0.4259689450263977
0.415181964635849
0.42047834396362305
0.4170285165309906
0.4420706331729889
0.44689932465553284
0.4103911221027374
0.43466731905937195
0.40923207998275757
0.40300655364990234
0.36489149928092957
0.38874372839927673
0.4264680743217468
0.4258371889591217
0.38539427518844604
0.42922958731651306
0.41639506816864014
0.4460242986679077
0.41698166728019714
0.44336679577827454
0.4064285457134247
0.4019089937210083
0.38614633679389954
0.3938201367855072
0.4044259786605835
0.4233320653438568
0.40149539709091187
0.4243224263191223
0.45703843235969543
0.4239795207977295
0.41269636154174805
0.3984610140323639
0.39924174547195435
0.41200965642929077
0.4234185516834259
0.4232654571533203
0.40746161341667175
0.39512404799461365
0.40277934074401855
0.4027010500431061
0.39866605401039124
0.40524739027023315
0.41666287183761597
0.4115082919597626
0.4260478913784027
0.36991116404533386
0.41597896814346313
0.4119630753993988
0.4092699885368347
0.38260573148727417
0.40765252709388733
0.37756145000457764
0.4324512481689453
0.41980862617492676
0.4001561403274536
0.4270316958427429
0.4379858374595642
0.4242492914199829
0.42348939180374146
0.37927472591400146
0.4254104793071747
0.41558748483657837
0.4068358838558197
0.3989597260951996
0.41493329405784607
0.4135122001171112
0.44745874404907227
0.43121057748794556
0.4019092917442322
0.3839116394519806
0.3951123356819153
0.4101233184337616
0.39275872707366943
0.3917846381664276
0.4228631854057312
0.4008472263813019
0.4008125364780426
0.4138644337654114
0.4200827181339264
0.37968307733535767
0.3860282003879547
0.41406726837158203
0.43051451444625854
0.39972880482673645
0.41885554790496826
0.4268645942211151
0.4326332211494446
0.4104291796684265
0.4035979211330414
0.40878549218177795
0.3966227173805237
0.4045211970806122
0.3842165172100067
0.401591420173645
0.39018791913986206
0.4013309180736542
0.4145084321498871
0.39296630024909973
0.3978542387485504
0.38520193099975586
0.39511042833328247
0.3997463583946228
0.41339609026908875
0.42115864157676697
0.4109766483306885
0.39812153577804565
0.42959821224212646
0.3974980413913727
0.3945557475090027
0.3959127366542816
0.4066552221775055
0.4146762788295746
0.36984875798225403
0.4164445996284485
0.4123169779777527
0.4060760736465454
0.3769688308238983
0.41143831610679626
0.4195956885814667
0.3796643018722534
0.3912495970726013
0.37858492136001587
0.39919692277908325
0.4127880930900574
0.3864820599555969
0.41586706042289734
0.4361947178840637
0.423440545797348
0.42795491218566895
0.4036443531513214
0.3970027565956116
0.43365478515625
0.39631956815719604
0.3903997242450714
0.39187029004096985
0.3947388529777527
0.3842252194881439
0.4177074432373047
0.43163809180259705
0.40282073616981506
0.36729153990745544
0.3888101577758789
0.3800848424434662
0.4331796169281006
0.41362494230270386
0.41596686840057373
0.4084775447845459
0.418074369430542
0.42403560876846313
0.4008693993091583
0.3874487280845642
0.4177580773830414
0.3885190784931183
0.3926593065261841
0.42147529125213623
0.42121458053588867
0.3954405188560486
0.4035620391368866
0.4176498353481293
0.3827665448188782
0.43478310108184814
0.3524644374847412
0.3837782144546509
0.4249286651611328
0.43498727679252625
0.4096454679965973
0.41702988743782043
0.40990424156188965
0.41107431054115295
0.39539390802383423
0.41190674901008606
0.4014732539653778
0.42202505469322205
0.3993954062461853
0.3992617726325989
0.39351996779441833
0.45185452699661255
0.4002980887889862
0.411999374628067
0.3643636107444763
0.3893096446990967
0.36253973841667175
0.4445383548736572
0.43169814348220825
0.42428815364837646
0.4143494665622711
0.41162410378456116
0.40270161628723145
0.3855573832988739
0.4102073013782501
0.38637036085128784
0.4096648097038269
0.40015363693237305
0.4019489884376526
0.3866770565509796
0.4307674765586853
0.37848106026649475
0.41037046909332275
0.4227069616317749
0.3534957468509674
0.4039348363876343
0.3939865231513977
0.4200381636619568
0.40209540724754333
0.4051313102245331
0.39504513144493103
0.40459802746772766
0.3925646245479584
0.4067515432834625
0.39817753434181213
0.4034477770328522
0.4097629487514496
0.4026210308074951
0.38962703943252563
0.41621118783950806
0.3985048532485962
0.4181523621082306
0.42399412393569946
0.3743351101875305
0.39725273847579956
0.4080110788345337
0.4021381437778473
0.3682272434234619
0.3954419195652008
0.3968587815761566
0.40547049045562744
0.39746418595314026
0.4127691090106964
0.4086875915527344
0.3971535563468933
0.40179502964019775
0.39131075143814087
0.3809596300125122
0.3902522623538971
0.3835422396659851
0.39951565861701965
0.4052237570285797
0.3790839910507202
0.42358261346817017
0.3842945694923401
0.38291242718696594
0.39185720682144165
0.39201369881629944
0.43962475657463074
0.37531161308288574
0.3888828456401825
0.40748438239097595
0.40301045775413513
0.3948853313922882
0.41680648922920227
0.35090434551239014
0.39117294549942017
0.4364038109779358
0.39732277393341064
0.4149649739265442
0.3913789391517639
0.4192400574684143
0.40154871344566345
0.4050154387950897
0.4037267565727234
0.40323951840400696
0.36184296011924744
0.3660339415073395
0.4153427183628082
0.411770224571228
0.41625839471817017
0.3902629315853119
0.4067145884037018
0.45328524708747864
0.4001546800136566
0.3716542422771454
0.398756742477417
0.3896755576133728
0.398742139339447
0.4179944097995758
0.3902888894081116
0.38979023694992065
0.4438623785972595
0.42529651522636414
0.38773876428604126
0.3864297568798065
0.397919625043869
0.390163779258728
0.40310347080230713
0.41065871715545654
0.3997017443180084
0.40885865688323975
0.4176270365715027
0.4138588309288025
0.39418837428092957
0.400872141122818
0.3938264846801758
0.39105352759361267
0.411918967962265
0.41081079840660095
0.3900790810585022
0.38285312056541443
0.4094979166984558
0.4124889075756073
0.3826850950717926
0.39668601751327515
0.3884129524230957
0.39743882417678833
0.3846522271633148
0.37491822242736816
0.4166914224624634
0.40667903423309326
0.4218719005584717
0.4232310354709625
0.3957703113555908
0.40218979120254517
0.4189794361591339
0.40764787793159485
0.37644270062446594
0.39590510725975037
0.4223856031894684
0.38686856627464294
0.4175601899623871
0.42082679271698
0.3696790933609009
0.38087356090545654
0.3813091516494751
0.38971978425979614
0.3911801278591156
0.4059513807296753
0.40382587909698486
0.4340864419937134
0.3936944007873535
0.41947078704833984
0.39361605048179626
0.4041048288345337
0.38792288303375244
0.3792313039302826
0.39402490854263306
0.39400026202201843
0.4123455286026001
0.4093559682369232
0.3947545886039734
0.42271047830581665
0.41213271021842957
0.4020260274410248
0.40549713373184204
0.4262174069881439
0.39906075596809387
0.4082232117652893
0.39263057708740234
0.3909853398799896
0.4041723310947418
0.39692771434783936
0.37595897912979126
0.3765546679496765
0.40025758743286133
0.3760213255882263
0.4048839807510376
0.37609121203422546
0.4212997853755951
0.4095154106616974
0.3905135691165924
0.427266389131546
0.39855441451072693
0.3857221305370331
0.3821113109588623
0.3708727955818176
0.3975427448749542
0.3930031359195709
0.4181668162345886
0.43225160241127014
0.41229844093322754
0.39123889803886414
0.417103111743927
0.36760684847831726
0.4194231331348419
0.37232691049575806
0.3756980299949646
0.3767958879470825
0.3710481524467468
0.38087067008018494
0.40716540813446045
0.39833328127861023
0.3567191958427429
0.3877209722995758
0.3753793239593506
0.3875678777694702
0.4031766653060913
0.39451879262924194
0.38776060938835144
0.3967828154563904
0.3914268910884857
0.4169575273990631
0.3788364827632904
0.40272200107574463
0.3772937059402466
0.39415594935417175
0.38124170899391174
0.410391241312027
0.40882375836372375
0.40315210819244385
0.4011313319206238
0.3930416405200958
0.3868882954120636
0.376696914434433
0.3862552344799042
0.41754913330078125
0.3616926670074463
0.3879181146621704
0.43313896656036377
0.39898616075515747
0.4327431619167328
0.3966054320335388
0.40621376037597656
0.36726465821266174
0.39362967014312744
0.41203573346138
0.3916078805923462
0.4081238806247711
0.4065536558628082
0.3862052261829376
0.3871341943740845
0.39539864659309387
0.37139955163002014
0.3967917263507843
0.3770063817501068
0.3841382563114166
0.39995065331459045
0.428705096244812
0.4029265344142914
0.4117392301559448
0.3984318971633911
0.3901013433933258
0.37300747632980347
0.3805696666240692
0.39898261427879333
0.39222609996795654
0.41230931878089905
0.3951830565929413
0.39898526668548584
0.41977065801620483
0.3988449275493622
0.40614864230155945
0.3982868194580078
0.3964884877204895
0.3979184031486511
0.4007658064365387
0.40296855568885803
0.40033167600631714
0.3779335021972656
0.4103761315345764
0.4246589243412018
0.40914711356163025
0.39586105942726135
0.39076685905456543
0.4089259207248688
0.39420589804649353
0.43066275119781494
0.3951450288295746
0.3893769085407257
0.41297176480293274
0.4054974615573883
0.4026123881340027
0.3565693497657776
0.38333895802497864
0.38451164960861206
0.4082123935222626
0.4279829263687134
0.4157378077507019
0.3980746269226074
0.4028157591819763
0.4116036593914032
0.3883201777935028
0.38385048508644104
0.388587087392807
0.39049404859542847
0.39392223954200745
0.3904792070388794
0.40160298347473145
0.39314207434654236
0.38601917028427124
0.4052634537220001
0.3967815339565277
0.3730575740337372
0.3967466950416565
0.3689475953578949
0.3751620650291443
0.3957812786102295
0.4195595979690552
0.3844156861305237
0.382999986410141
0.3969040811061859
0.41733142733573914
0.3783157169818878
0.37891048192977905
0.3836933672428131
0.4165900647640228
0.383877158164978
0.3859931230545044
0.39084985852241516
0.3710799217224121
0.39773526787757874
0.4127005934715271
0.39523831009864807
0.38223451375961304
0.39679476618766785
0.39746570587158203
0.3897950351238251
0.37509840726852417
0.371817022562027
0.39508944749832153
0.40129244327545166
0.39285188913345337
0.3523363769054413
0.3948113024234772
0.3943984806537628
0.4033659100532532
0.38502511382102966
0.38515785336494446
0.4310608208179474
0.42837628722190857
0.39887189865112305
0.39747533202171326
0.3874867260456085
0.38641121983528137
0.410044401884079
0.40390998125076294
0.37028634548187256
0.39322665333747864
0.41402897238731384
0.38525569438934326
0.4090956449508667
0.4218807518482208
0.37932008504867554
0.3934940695762634
0.3710976839065552
0.39162907004356384
0.3874722421169281
0.4152016043663025
0.39196285605430603
0.38241466879844666
0.4035688042640686
0.4175443947315216
0.41095370054244995
0.377287358045578
0.376359760761261
0.39188650250434875
0.39242929220199585
0.37102189660072327
0.39397144317626953
0.38482069969177246
0.3939281105995178
0.4038456082344055
0.3986608386039734
0.38756808638572693
0.3899604082107544
0.38795146346092224
0.4044104814529419
0.4176226258277893
0.3814917206764221
0.4005733132362366
0.4075620174407959
0.38117530941963196
0.39994698762893677
0.3976864814758301
0.4060802161693573
0.3637826442718506
0.4089432656764984
0.38381287455558777
0.4004583954811096
0.3837040066719055
0.38671499490737915
0.4108574390411377
0.376169890165329
0.38376331329345703
0.40427178144454956
0.3722444772720337
0.3730558753013611
0.3843137323856354
0.3820408582687378
0.41528981924057007
0.41521018743515015
0.41675764322280884
0.3792945146560669
0.400882363319397
0.3803612291812897
0.38967621326446533
0.3853556215763092
0.4006407558917999
0.3992224931716919
0.4200599491596222
0.39036616683006287
0.39677175879478455
0.39787355065345764
0.3648686707019806
0.3742911219596863
0.3714491128921509
0.40076473355293274
0.396019846200943
0.3821876049041748
0.38838326930999756
0.42090263962745667
0.39028093218803406
0.38110071420669556
0.3874080181121826
0.38698554039001465
0.3826722204685211
0.43292444944381714
0.3817748725414276
0.39585402607917786
0.3778785467147827
0.4233405888080597
0.39093974232673645
0.36940187215805054
0.37225061655044556
0.39844274520874023
0.38629862666130066
0.3687576353549957
0.41351228952407837
0.38367128372192383
0.41753262281417847
0.42824220657348633
0.37899383902549744
0.3866511881351471
0.3783038258552551
0.3897835314273834
0.383992075920105
0.381767213344574
0.3988319933414459
0.3900875747203827
0.39932781457901
0.41089120507240295
0.4006170332431793
0.37400391697883606
0.3676441013813019
0.3864777088165283
0.39011308550834656
0.38830244541168213
0.3920488953590393
0.41150179505348206
0.4230007529258728
0.4142638146877289
0.39633724093437195
0.3910006880760193
0.39088910818099976
0.3810637593269348
0.4046519696712494
0.384189635515213
0.3861774802207947
0.39552778005599976
0.3973923325538635
0.3797803223133087
0.40927889943122864
0.3810161352157593
0.3800610601902008
0.3726637363433838
0.40154287219047546
0.3987504541873932
0.3936787545681
0.3783859610557556
0.3926441967487335
0.4083419144153595
0.41530731320381165
0.38006600737571716
0.3929000496864319
0.37356019020080566
0.4375370144844055
0.40867531299591064
0.36159735918045044
0.3866468071937561
0.3985197842121124
0.39680176973342896
0.3980664312839508
0.37475666403770447
0.39734548330307007
0.38922324776649475
0.40273532271385193
0.3756697177886963
0.3812243938446045
0.4411344528198242
0.40627148747444153
0.391621470451355
0.3976995348930359
0.36751532554626465
0.39998868107795715
0.3750353455543518
0.39251160621643066
0.4059944152832031
0.3740573227405548
0.39951515197753906
0.3811664581298828
0.3984411954879761
0.39610379934310913
0.38576003909111023
0.38631385564804077
0.35245099663734436
0.35794544219970703
0.3742111325263977
0.36486098170280457
0.3685567378997803
0.4340597689151764
0.403432160615921
0.39319753646850586
