Mean Rank: 122, 119
Mean RR: 0.0124, 0.0127
Hit@1: 0.0000, 0.0000
Hit@3: 0.0023, 0.0023
Hit@5: 0.0053, 0.0061
Hit@10: 0.0151, 0.0151
69.49805450439453
41.65773010253906
23.90736198425293
14.988250732421875
10.801685333251953
7.432667255401611
4.323301315307617
2.886598587036133
1.3244496583938599
2.2074906826019287
3.208137273788452
1.3484975099563599
3.3736329078674316
1.1904538869857788
3.099250555038452
1.0165152549743652
2.341681480407715
1.4479994773864746
2.3874967098236084
1.5627028942108154
1.260450839996338
1.424316167831421
0.8725448250770569
1.0803524255752563
0.8401956558227539
1.0193976163864136
0.7752038836479187
0.5935883522033691
0.5821977853775024
0.6026488542556763
0.5702665448188782
0.566630482673645
0.4543863832950592
0.48186826705932617
0.4591277837753296
0.5500403642654419
0.4890601336956024
0.49728822708129883
0.4462316036224365
0.49059733748435974
0.4242340326309204
0.4338662028312683
0.42570745944976807
0.4826401472091675
0.439550518989563
0.44272366166114807
0.413871705532074
0.44925013184547424
0.40262049436569214
0.4336045980453491
0.4135913848876953
0.429716020822525
0.39020010828971863
0.4346339702606201
0.41155141592025757
0.43743661046028137
0.3786207139492035
0.38649359345436096
0.3827342987060547
0.4186079502105713
0.37880265712738037
0.4085807204246521
0.387864351272583
0.40751099586486816
0.36997073888778687
0.3843063712120056
0.38538506627082825
0.42270439863204956
0.37556031346321106
0.3890908360481262
0.37118470668792725
0.3874971866607666
0.3747880756855011
0.384675532579422
0.36051687598228455
0.3747699558734894
0.36462119221687317
0.38356029987335205
0.3574647307395935
0.39705023169517517
0.3541839122772217
0.3795377016067505
0.36761119961738586
0.37455591559410095
0.3520839512348175
0.355556458234787
0.34490877389907837
0.35962510108947754
0.35314664244651794
0.3753661513328552
0.35884028673171997
0.382499635219574
0.35142913460731506
0.36394545435905457
0.3544301688671112
0.35984212160110474
0.33381417393684387
0.34166836738586426
0.3400892913341522
0.3469308018684387
0.3366736173629761
0.3412398397922516
0.3411230444908142
0.3371948003768921
0.3349265456199646
0.35130876302719116
0.3424449861049652
0.3578963577747345
0.33948561549186707
0.3436707854270935
0.3392481803894043
0.34513232111930847
0.3316843509674072
0.33577972650527954
0.3308766782283783
0.33948445320129395
0.33389073610305786
0.34589657187461853
0.3327612578868866
0.3400127589702606
0.3333755135536194
0.34242671728134155
0.33345484733581543
0.33447107672691345
0.3299480378627777
0.32746613025665283
0.32433828711509705
0.3261951506137848
0.3245721161365509
0.3377158045768738
0.32357650995254517
0.3306290805339813
0.32906660437583923
0.3390791118144989
0.327239453792572
0.3370422422885895
0.32904794812202454
0.33841004967689514
0.32528379559516907
0.33335402607917786
0.32728561758995056
0.3360605835914612
0.32712048292160034
0.32399168610572815
0.3148050606250763
0.3184244632720947
0.3093063235282898
0.3176150619983673
0.3168801963329315
0.3231811225414276
0.308665931224823
0.3190930485725403
0.31910890340805054
0.31919044256210327
0.32099971175193787
0.31802526116371155
0.3200284242630005
0.3142147362232208
0.3160540461540222
0.3185776472091675
0.3110213875770569
0.3241161108016968
0.3192773759365082
0.3152242600917816
0.31254562735557556
0.2972122132778168
0.30992674827575684
0.3111879825592041
0.31196555495262146
0.30706140398979187
0.30534711480140686
0.3096503019332886
0.31374186277389526
0.31457799673080444
0.305864542722702
0.32116299867630005
0.30767086148262024
0.3192555010318756
0.3044353425502777
0.3177031874656677
0.3098463714122772
0.3152734935283661
0.31092286109924316
0.31873685121536255
0.3114980161190033
0.31160789728164673
0.31042128801345825
0.31607088446617126
0.3092096447944641
0.3152438700199127
0.3129243552684784
0.3135135769844055
0.3161557912826538
0.30456358194351196
0.2976214289665222
0.30623820424079895
0.3099783957004547
0.31609803438186646
0.30807924270629883
0.3186478018760681
0.3143908381462097
0.3153408467769623
0.3141345977783203
0.3111015856266022
0.31119510531425476
0.30997154116630554
0.30660733580589294
0.30935195088386536
0.311318039894104
0.3173397481441498
0.3124324083328247
0.311364084482193
0.3086499869823456
0.31088390946388245
0.304776668548584
0.3086928129196167
0.31052568554878235
0.3034815788269043
0.30258163809776306
0.308437317609787
0.3123871386051178
0.30570703744888306
0.30707624554634094
0.30782267451286316
0.305315226316452
0.3059622347354889
0.30222001671791077
0.30149489641189575
0.3065038025379181
0.30394527316093445
0.3064020574092865
0.30252304673194885
0.3073435127735138
0.3128065764904022
0.31082168221473694
0.3182355761528015
0.3072884678840637
0.309020072221756
0.30389800667762756
0.30677494406700134
0.3012752830982208
0.30437982082366943
0.2977946996688843
0.30501216650009155
0.3063618838787079
0.30373242497444153
0.3000076711177826
0.3001997768878937
0.29968342185020447
0.30021655559539795
0.30252087116241455
0.3014129102230072
0.300881028175354
0.3045155704021454
0.30310335755348206
0.3018321096897125
0.299767404794693
0.30228590965270996
0.3059006631374359
0.30046528577804565
0.3017759323120117
0.2995237410068512
0.30336469411849976
0.30051282048225403
0.2980594038963318
0.29482606053352356
0.2962552309036255
0.3020639419555664
0.29690250754356384
0.29776647686958313
0.2966209352016449
0.29859861731529236
0.30105865001678467
0.3070986270904541
0.3045184016227722
0.3071172535419464
0.3030177056789398
0.30071836709976196
0.2987310588359833
0.30644744634628296
0.2988145053386688
0.30312177538871765
0.30229005217552185
0.3002412021160126
0.3023974299430847
0.30099189281463623
0.2941344678401947
0.3047999441623688
0.2976524829864502
0.30491364002227783
0.29619139432907104
0.287828654050827
0.29566439986228943
0.2942966818809509
0.28819382190704346
0.29086270928382874
0.2897646725177765
0.2950083911418915
0.29271191358566284
0.29605042934417725
