Mean Rank: 42, 32
Mean RR: 0.0925, 0.1408
Hit@1: 0.0272, 0.0522
Hit@3: 0.0756, 0.1377
Hit@5: 0.1112, 0.1929
Hit@10: 0.1974, 0.3268
9.053838729858398
8.966987609863281
8.720937728881836
8.819598197937012
8.737361907958984
8.933541297912598
8.693259239196777
8.574386596679688
8.557683944702148
8.434436798095703
8.34561538696289
8.412193298339844
8.351277351379395
8.29580307006836
8.458311080932617
8.451082229614258
8.399360656738281
8.22688102722168
8.359310150146484
8.145526885986328
8.05620288848877
8.128432273864746
8.12872314453125
8.081809997558594
7.957801818847656
8.151800155639648
7.960449695587158
8.082629203796387
8.077799797058105
7.938582420349121
7.884006500244141
7.882011413574219
7.956671714782715
8.024784088134766
7.793503284454346
7.942944526672363
7.703082084655762
7.885666370391846
7.92174768447876
7.66149377822876
7.816555023193359
7.7943806648254395
7.7066802978515625
7.584033966064453
7.638848304748535
7.736245632171631
7.690940856933594
7.593276023864746
7.604696750640869
7.641848087310791
7.528198719024658
7.640595436096191
7.457352638244629
7.449013710021973
7.749951362609863
7.4877119064331055
7.558411121368408
7.660360336303711
7.458800315856934
7.550615310668945
7.298157215118408
7.398033618927002
7.4220709800720215
7.326955795288086
7.1891093254089355
7.517104148864746
7.384936809539795
7.309246063232422
7.320553302764893
7.470754623413086
7.274008750915527
7.373527526855469
7.4390668869018555
7.307334899902344
7.25148344039917
7.263352394104004
7.154284477233887
7.186197280883789
6.982375144958496
7.169935703277588
7.181930065155029
7.054903984069824
7.111041069030762
7.321843147277832
7.156769752502441
7.194269180297852
7.040097713470459
7.024332046508789
7.076948165893555
7.136101722717285
7.13893461227417
7.060569763183594
7.044341087341309
7.050884246826172
6.9987287521362305
7.004627704620361
6.989232063293457
7.041576385498047
6.922667026519775
6.841372489929199
