Mean Rank: 19, 5
Mean RR: 0.1505, 0.6726
Hit@1: 0.0401, 0.5825
Hit@3: 0.1271, 0.7148
Hit@5: 0.2133, 0.7890
Hit@10: 0.4032, 0.8601
0.6950766444206238
0.6973080635070801
0.6968749761581421
0.6934059858322144
0.6867080330848694
0.6716899871826172
0.6607617735862732
0.6454110145568848
0.6311812400817871
0.60865718126297
0.5776520371437073
0.5496829748153687
0.5332275032997131
0.5108194351196289
0.5115159749984741
0.4763430058956146
0.45026665925979614
0.43439391255378723
0.41070079803466797
0.414850652217865
0.38903647661209106
0.3675423562526703
0.32868692278862
0.34306517243385315
0.345197856426239
0.3215223252773285
0.3629850745201111
0.3508073389530182
0.3360854983329773
0.3584716022014618
0.28986281156539917
0.29971033334732056
0.30471503734588623
0.30017003417015076
0.3268660604953766
0.3038097321987152
0.28501230478286743
0.2939995229244232
0.30678442120552063
0.2965531349182129
0.28467097878456116
0.2929286062717438
0.2854664623737335
0.26947855949401855
0.285403311252594
0.27976012229919434
0.29827988147735596
0.27636051177978516
0.2943274676799774
0.27996203303337097
0.2795121669769287
0.27087101340293884
0.2900080680847168
0.28530263900756836
0.28411269187927246
0.268633633852005
0.27127113938331604
0.2563345432281494
0.2663840055465698
0.2881264388561249
0.250005304813385
0.2642752230167389
0.25617268681526184
0.2781270146369934
0.2779256999492645
0.25643303990364075
0.24548056721687317
0.2816770672798157
0.2551661729812622
0.26702824234962463
0.2594837248325348
0.2646397054195404
0.26132017374038696
0.2769719958305359
0.25902682542800903
0.2626316249370575
0.2618771493434906
0.2867971360683441
0.2722899615764618
0.25580596923828125
0.24959589540958405
0.24837788939476013
0.25325414538383484
0.2584870457649231
0.2526789605617523
0.2515186369419098
0.26145514845848083
0.26780566573143005
0.26300278306007385
0.24877847731113434
0.2614386975765228
0.26014673709869385
0.2858201265335083
0.2760365307331085
0.2522279620170593
0.27300211787223816
0.2584666907787323
0.24877919256687164
0.263532429933548
0.27884191274642944
0.25552529096603394
0.2659764885902405
0.2616046667098999
0.24706971645355225
0.24188216030597687
0.26091456413269043
0.27208849787712097
0.2786112427711487
0.25035375356674194
0.24586239457130432
0.2714630365371704
0.2635532319545746
0.25403544306755066
0.25536054372787476
0.252810537815094
0.266288161277771
0.2581120729446411
0.26305320858955383
0.2506793737411499
0.2645655870437622
0.24175536632537842
0.2806204557418823
0.2418471872806549
0.2536885142326355
0.2506004571914673
0.24643418192863464
0.2791770398616791
0.26291003823280334
0.2502022385597229
0.24173998832702637
0.2642461061477661
0.2460745871067047
0.2665935158729553
0.2569156885147095
0.2647837698459625
0.24841678142547607
0.2596927881240845
0.24338391423225403
0.2551017701625824
0.2720992863178253
0.23765712976455688
0.25353583693504333
0.2574256956577301
0.2624092102050781
0.26200106739997864
0.2868930399417877
0.25102782249450684
0.2612518072128296
0.2582385838031769
0.2537751793861389
0.2497432380914688
0.24057641625404358
0.27420055866241455
0.22967639565467834
0.25646328926086426
0.2615158259868622
0.23704981803894043
0.25662070512771606
0.27791306376457214
0.2686734199523926
0.25620901584625244
0.25716057419776917
0.2565227150917053
0.2502650022506714
0.2540794909000397
0.25997889041900635
0.24675974249839783
0.24376967549324036
0.26257139444351196
0.24580509960651398
0.2654253840446472
0.24633312225341797
0.2560391426086426
0.24042603373527527
0.24676768481731415
0.2559565305709839
0.25743138790130615
0.23864775896072388
0.2607390880584717
0.24912439286708832
0.23491089046001434
0.23954369127750397
0.23622135818004608
0.24997368454933167
0.26652371883392334
0.25069671869277954
0.2506042420864105
0.2412780523300171
0.2511855363845825
0.24986383318901062
0.2618231773376465
0.24824294447898865
0.23496675491333008
0.2322746366262436
0.2581426501274109
0.2650415301322937
0.26100078225135803
0.24543900787830353
0.26679766178131104
0.27734437584877014
0.23053397238254547
0.24169987440109253
0.22798268496990204
0.23674723505973816
0.2565809488296509
0.25803765654563904
0.2750900387763977
0.2543821632862091
0.25468623638153076
0.2474859356880188
0.24631008505821228
0.21917004883289337
0.2584940791130066
0.2625601291656494
0.24524417519569397
0.2562062442302704
0.25881245732307434
0.2505546510219574
0.25146064162254333
0.23688286542892456
0.24443303048610687
0.25191932916641235
0.23871980607509613
0.22932124137878418
0.2565183639526367
0.2669242024421692
0.23977115750312805
0.25159671902656555
0.26640915870666504
0.23535822331905365
0.23199878633022308
0.2523276209831238
0.23348145186901093
0.24564538896083832
0.24843207001686096
0.2582273781299591
0.23259219527244568
0.23326559364795685
0.22389867901802063
0.26469555497169495
0.24964159727096558
0.25533604621887207
0.2445162832736969
0.228122740983963
0.23216482996940613
0.2461300939321518
0.2496904730796814
0.24221301078796387
0.24130181968212128
0.24385544657707214
0.2239810824394226
0.22214153409004211
0.25849878787994385
0.2704505920410156
0.24894578754901886
0.22038789093494415
0.2575344443321228
0.26436635851860046
0.23070283234119415
0.23542168736457825
0.23771189153194427
0.2315426617860794
0.25203436613082886
0.233014777302742
0.2488219439983368
0.24716928601264954
0.227517768740654
0.2384873479604721
0.24417948722839355
0.2457866668701172
0.23507869243621826
0.24628007411956787
0.2415008395910263
0.2533505856990814
0.25123831629753113
0.23784029483795166
0.23091097176074982
0.25829875469207764
0.24082399904727936
0.24249926209449768
0.24159999191761017
0.23195680975914001
0.24704033136367798
0.24675916135311127
0.2415705919265747
0.22224527597427368
0.2364346832036972
0.26072633266448975
0.24685138463974
0.25649482011795044
0.22436591982841492
0.2592064142227173
0.2492959052324295
0.2480613887310028
0.2406988888978958
0.22567757964134216
0.22474217414855957
0.25345292687416077
0.24545878171920776
0.24774682521820068
0.2541138529777527
0.22671979665756226
0.24726389348506927
0.22463302314281464
0.24375388026237488
0.24086734652519226
0.23988959193229675
0.22793617844581604
0.20128020644187927
0.25608497858047485
0.2471073716878891
0.23893846571445465
0.2608139216899872
0.22750158607959747
0.2386498898267746
0.2575361728668213
0.23602087795734406
0.24189738929271698
0.252136766910553
0.25986960530281067
0.25189629197120667
0.2392290234565735
0.22954252362251282
0.23799492418766022
0.22598248720169067
0.2501002550125122
0.2530258297920227
0.23558279871940613
0.24491524696350098
0.23463687300682068
0.2166157364845276
0.25387147068977356
0.2579256296157837
0.23892706632614136
0.2485973834991455
0.239393413066864
0.23715221881866455
0.23578085005283356
0.23032642900943756
0.23301471769809723
0.24673870205879211
0.22301523387432098
0.23714250326156616
0.23544953763484955
0.23963110148906708
0.2466660737991333
0.2457417994737625
0.24632394313812256
0.2337377816438675
0.23277784883975983
0.23874710500240326
0.22936692833900452
0.22551099956035614
0.21142534911632538
0.23385679721832275
0.2587537169456482
0.22868046164512634
0.23539137840270996
0.23509420454502106
0.24583233892917633
0.2105826735496521
0.2250712364912033
0.23262697458267212
0.23801660537719727
0.2591046094894409
0.23812709748744965
0.2590251863002777
0.23053665459156036
0.24389922618865967
0.22216059267520905
0.23908230662345886
0.23477888107299805
0.251373291015625
0.23797282576560974
0.2355673462152481
0.21722163259983063
0.24345900118350983
0.2451154738664627
0.23618963360786438
0.23947855830192566
0.2319321185350418
0.22694145143032074
0.23860050737857819
0.2350572794675827
0.24482868611812592
0.22507479786872864
0.24566826224327087
0.2341829538345337
0.23834919929504395
0.24685603380203247
0.22360679507255554
0.23373062908649445
0.24415981769561768
0.22846978902816772
0.23418588936328888
0.23939713835716248
0.2316359430551529
0.24545414745807648
0.2249705195426941
0.2173905074596405
0.23319818079471588
0.22216279804706573
0.22594840824604034
0.26615995168685913
0.2242719680070877
0.22854536771774292
0.23139144480228424
0.23258371651172638
0.25908681750297546
0.2309844195842743
0.24684762954711914
0.2328411042690277
0.22281113266944885
0.24877342581748962
0.25048306584358215
0.25471872091293335
0.23396961390972137
0.24318602681159973
0.22447851300239563
0.2438245415687561
0.2198362946510315
0.23004800081253052
0.2437688708305359
0.21460309624671936
0.24668647348880768
0.22976438701152802
0.2501481771469116
0.23553940653800964
0.22382447123527527
0.2291492223739624
0.22357125580310822
0.22271418571472168
0.24225205183029175
0.2372669279575348
0.24391666054725647
0.2535282075405121
0.2229442298412323
0.23067542910575867
0.23662221431732178
0.2352493405342102
0.24489936232566833
0.23915687203407288
0.2542896866798401
0.2371472418308258
0.22852987051010132
0.23897409439086914
0.24161507189273834
0.24868892133235931
0.23850591480731964
0.25242212414741516
0.24205134809017181
0.2407335489988327
0.22133655846118927
0.23062190413475037
0.22681410610675812
0.24307331442832947
0.22339890897274017
0.25586870312690735
0.23144197463989258
0.2345404475927353
0.22798046469688416
0.23647132515907288
0.24120943248271942
0.23299619555473328
0.23414796590805054
0.22412428259849548
0.23539915680885315
0.23465372622013092
0.21946723759174347
0.24374276399612427
0.22734399139881134
0.22458061575889587
0.21318714320659637
0.23201332986354828
0.22099609673023224
0.22338470816612244
0.22431781888008118
0.23219522833824158
0.2429453432559967
0.25490257143974304
0.23919622600078583
0.2383362352848053
0.232961967587471
0.24363502860069275
0.23883213102817535
0.21718992292881012
0.23168590664863586
0.22558417916297913
0.23101390898227692
0.24203358590602875
0.22981217503547668
0.2331794798374176
0.23764121532440186
0.24387848377227783
0.21414753794670105
0.2334248274564743
0.23416249454021454
0.21708932518959045
0.24775800108909607
0.24367636442184448
0.23473311960697174
0.22289392352104187
0.23799680173397064
0.23830464482307434
0.2331591695547104
0.22578008472919464
0.21755541861057281
0.24268607795238495
0.23204900324344635
0.2319146692752838
0.2244613617658615
0.23285233974456787
0.24557660520076752
0.2232745885848999
0.2470722794532776
0.23669371008872986
0.22872579097747803
0.2267702966928482
0.24222387373447418
0.22401385009288788
0.24519982933998108
0.23143982887268066
0.2489471137523651
0.22678901255130768
0.23116853833198547
0.2391897588968277
0.22962598502635956
0.24725788831710815
0.25122106075286865
0.22618991136550903
0.21533218026161194
0.21818238496780396
0.21893107891082764
0.23520329594612122
0.22828103601932526
0.23258644342422485
0.2395605742931366
0.23350492119789124
0.2407340705394745
0.25528034567832947
0.2290394902229309
0.24914656579494476
0.22107820212841034
0.21756067872047424
0.22375904023647308
0.2278294861316681
0.22853675484657288
0.23690824210643768
0.24410684406757355
0.241111159324646
0.23318979144096375
0.223183274269104
0.2374146580696106
0.22322505712509155
0.2276260107755661
0.20962747931480408
0.21008290350437164
0.23274695873260498
0.2507556676864624
0.21822510659694672
0.23389001190662384
0.24242757260799408
0.23885834217071533
0.23782101273536682
0.23765888810157776
0.24078796803951263
0.2229272872209549
0.246290385723114
0.20397210121154785
0.24432456493377686
0.21517916023731232
0.2173311710357666
0.23940277099609375
0.22396384179592133
0.22965383529663086
0.22950932383537292
0.2390870898962021
0.24989907443523407
0.2263263761997223
0.23000521957874298
0.2116742879152298
0.2187245786190033
0.22120051085948944
0.2425897717475891
0.20983853936195374
0.23493464291095734
0.2246379554271698
0.22258560359477997
0.23055067658424377
0.22227232158184052
0.24520134925842285
0.2106907069683075
0.2481805682182312
0.23735350370407104
0.23460687696933746
0.21492724120616913
0.22405605018138885
0.23749399185180664
0.23794245719909668
0.2194288671016693
0.21562033891677856
0.2247728407382965
0.24550674855709076
0.21002407371997833
0.21155069768428802
0.24186041951179504
0.2220732569694519
0.2429329752922058
0.23823708295822144
0.24022969603538513
0.22949981689453125
0.23416146636009216
0.22317180037498474
0.21481090784072876
0.23315924406051636
0.232377827167511
0.25039318203926086
0.23114517331123352
0.22840531170368195
0.21568119525909424
0.23068080842494965
0.2183423638343811
0.22539390623569489
0.2377544492483139
0.21932849287986755
0.21179938316345215
0.23890137672424316
0.21765121817588806
0.22586244344711304
0.23925912380218506
0.21730837225914001
0.24224640429019928
0.2218753695487976
0.2215951383113861
0.21722672879695892
0.24826854467391968
0.21629919111728668
0.22445370256900787
0.24082830548286438
0.2197212129831314
0.2190743088722229
0.22404521703720093
0.22881528735160828
0.2145996391773224
0.22741495072841644
0.22621160745620728
0.2254542112350464
0.2351115643978119
0.22558832168579102
0.22343987226486206
0.23495861887931824
0.2163648009300232
0.21511445939540863
0.2310623675584793
0.2364640086889267
0.22353459894657135
0.22633710503578186
0.23282039165496826
0.2340296059846878
0.2287987470626831
0.2228270173072815
0.24624408781528473
0.2186223566532135
0.21640092134475708
0.22180745005607605
0.2275802493095398
0.22886760532855988
0.23778772354125977
0.23621807992458344
0.23250889778137207
0.21686197817325592
0.2192605435848236
0.2399762123823166
0.22130931913852692
0.24274572730064392
0.23200371861457825
0.2316182255744934
0.2303316742181778
0.21148492395877838
0.22607795894145966
0.21479283273220062
0.22483812272548676
0.22153699398040771
0.2187177687883377
0.23552685976028442
0.2246864140033722
0.2222961187362671
0.22912362217903137
0.22551840543746948
0.23337724804878235
0.21952380239963531
0.25133877992630005
0.22170697152614594
0.22693651914596558
0.2233835756778717
0.23187300562858582
0.22481313347816467
0.21860235929489136
0.23143035173416138
0.21578554809093475
0.2329515814781189
0.24802115559577942
0.22278594970703125
0.2101464569568634
0.21266774833202362
0.22977587580680847
0.23419687151908875
0.2187383770942688
0.20808109641075134
0.23654429614543915
0.20831890404224396
0.23192442953586578
0.2313726842403412
0.21575075387954712
0.221241295337677
0.23286819458007812
0.21559998393058777
0.23377607762813568
0.22341081500053406
0.2167281210422516
0.22327466309070587
0.21399536728858948
0.2348395586013794
0.22665852308273315
0.2328520566225052
0.22491483390331268
0.22477546334266663
0.21625930070877075
0.23024678230285645
0.22845396399497986
0.21836981177330017
0.21235623955726624
0.22177323698997498
0.21961459517478943
0.20740994811058044
0.23322144150733948
0.21579119563102722
0.2191350758075714
0.21492749452590942
0.2378029227256775
0.23533311486244202
0.24878691136837006
0.2171008288860321
0.22544658184051514
0.23651635646820068
0.23501203954219818
0.21999722719192505
0.23788371682167053
0.212199404835701
0.20602616667747498
0.23254665732383728
0.22602485120296478
0.2186126559972763
0.19894033670425415
0.1988048255443573
0.2353232055902481
0.21712546050548553
0.20878463983535767
0.21878056228160858
0.23460164666175842
0.21584650874137878
0.23180533945560455
0.2126370519399643
0.2253401279449463
0.22069640457630157
0.22613884508609772
0.24651889503002167
0.2460251897573471
0.22701041400432587
0.24198248982429504
0.2280600219964981
0.21426847577095032
0.23062899708747864
0.24413786828517914
0.22604642808437347
0.22143295407295227
0.21332083642482758
0.22389107942581177
0.22833727300167084
0.23156924545764923
0.21963711082935333
0.19756731390953064
0.2286868393421173
0.22175812721252441
0.21277180314064026
0.22709985077381134
0.22512924671173096
0.22393514215946198
0.23739823698997498
0.21567925810813904
0.21334321796894073
0.2244286835193634
0.22056417167186737
0.2319011092185974
0.22267305850982666
0.23359189927577972
0.22317415475845337
0.22148719429969788
0.23682807385921478
0.2135043889284134
0.23635022342205048
0.22886212170124054
0.20633608102798462
0.22925332188606262
0.23484782874584198
0.23122242093086243
0.2270812690258026
0.2168150097131729
0.20083902776241302
0.23800529539585114
0.21061894297599792
0.233295738697052
0.21106994152069092
0.2046947032213211
0.2262573391199112
0.22650426626205444
0.2309243083000183
0.21867263317108154
0.23487691581249237
0.23340019583702087
0.24116021394729614
0.2202901989221573
0.2209995537996292
0.2284831553697586
0.22595688700675964
0.21940097212791443
0.22667330503463745
0.2068851888179779
0.22685353457927704
0.21745838224887848
0.23131853342056274
0.22057974338531494
0.22700461745262146
0.23612016439437866
0.22087900340557098
0.23435719311237335
0.21487905085086823
0.21938620507717133
0.21447068452835083
0.218570739030838
0.22866886854171753
0.21814945340156555
0.22636421024799347
0.23142653703689575
0.22857841849327087
0.20205608010292053
0.23446467518806458
0.23615238070487976
0.2218070924282074
0.21140912175178528
0.2210880070924759
0.21829649806022644
0.22276437282562256
0.22564944624900818
0.22127372026443481
0.2221706658601761
0.21812015771865845
0.21970519423484802
0.2245980203151703
0.22089190781116486
0.2515125572681427
0.2319599837064743
0.2439747452735901
0.23121699690818787
0.21841485798358917
0.22391316294670105
0.21674440801143646
0.21152091026306152
0.21410435438156128
0.2188829481601715
0.2318536639213562
0.21711763739585876
0.2088891863822937
0.22697962820529938
0.22332675755023956
0.22216875851154327
0.23301918804645538
0.21675154566764832
0.21517948806285858
0.22293731570243835
0.20351476967334747
0.21061210334300995
0.22560691833496094
0.22608396410942078
0.21860364079475403
0.2081831693649292
0.22592559456825256
0.23173484206199646
0.22919024527072906
0.2266760766506195
0.24163386225700378
0.22198235988616943
0.23063400387763977
0.23068638145923615
0.23663005232810974
0.22830036282539368
0.21531207859516144
0.2097083330154419
0.21190303564071655
0.2300427258014679
0.2402127981185913
0.22596830129623413
0.2302406281232834
0.20268650352954865
0.22120963037014008
0.22777128219604492
0.22061294317245483
0.21714544296264648
0.2273828089237213
0.23032474517822266
0.22549213469028473
0.21369397640228271
0.22968587279319763
0.21385641396045685
0.20694920420646667
0.240412637591362
0.22960194945335388
0.2280866652727127
0.2338765263557434
0.20735561847686768
0.2336570918560028
0.2231568694114685
0.2237493097782135
0.23043161630630493
0.23286715149879456
0.1973753720521927
0.23429685831069946
0.21365010738372803
0.20923525094985962
0.1967306137084961
0.23056823015213013
0.2305169552564621
0.23113667964935303
0.21861784160137177
0.20404601097106934
0.2029765546321869
0.21194709837436676
0.20940691232681274
0.222227081656456
0.22249272465705872
0.2110801488161087
0.206912100315094
0.20211359858512878
0.23248544335365295
0.22551089525222778
0.2255048155784607
0.23269405961036682
0.21913695335388184
0.22454506158828735
0.23284530639648438
0.21911776065826416
0.2148280143737793
0.2039124071598053
0.2206590473651886
0.23302844166755676
0.2366701066493988
0.22022731602191925
0.2362067699432373
0.23376643657684326
0.2347443401813507
0.20099538564682007
0.22915036976337433
0.2262572944164276
0.2232648730278015
0.21297617256641388
0.2251398265361786
0.23047590255737305
0.2105070799589157
0.23861172795295715
0.2454240769147873
0.22648124396800995
0.21175678074359894
0.21205459535121918
0.21327631175518036
0.20780588686466217
0.2205507457256317
0.22079995274543762
0.23383823037147522
0.23730075359344482
0.22514602541923523
0.24107709527015686
0.21539029479026794
0.2239612489938736
0.2122538685798645
0.22854873538017273
0.21014532446861267
0.22019726037979126
0.22158358991146088
0.2149059921503067
0.22108446061611176
0.2142011821269989
0.2079710066318512
0.2573937773704529
0.23459990322589874
0.21068230271339417
0.220513254404068
0.21186506748199463
0.24191178381443024
0.20948883891105652
0.2278767228126526
