Mean Rank: 17, 6
Mean RR: 0.2054, 0.7212
Hit@1: 0.0772, 0.6513
Hit@3: 0.2012, 0.7466
Hit@5: 0.3147, 0.8003
Hit@10: 0.5174, 0.8654
0.6949933767318726
0.6870238184928894
0.6616324186325073
0.6530219316482544
0.6495671272277832
0.6329708099365234
0.6158547401428223
0.578001081943512
0.5592898726463318
0.531613826751709
0.4663446545600891
0.43644076585769653
0.3999231457710266
0.369610071182251
0.35210946202278137
0.34462109208106995
0.32568150758743286
0.30614739656448364
0.26439517736434937
0.2720946669578552
0.23898440599441528
0.2390214055776596
0.22259509563446045
0.23316653072834015
0.21027925610542297
0.20854143798351288
0.20078736543655396
0.2088988870382309
0.20073357224464417
0.1962634027004242
0.18323329091072083
0.19361598789691925
0.18360400199890137
0.1731451451778412
0.1784592568874359
0.15954281389713287
0.17733335494995117
0.15812800824642181
0.1589156687259674
0.1802312135696411
0.15823429822921753
0.15248364210128784
0.18801356852054596
0.17382903397083282
0.160198375582695
0.15736153721809387
0.1609315425157547
0.15621505677700043
0.16617311537265778
0.17170777916908264
0.14463205635547638
0.14422620832920074
0.14885187149047852
0.142386794090271
0.1479686051607132
0.1678456962108612
0.1612483710050583
0.1613527536392212
0.15882018208503723
0.15201695263385773
0.13827216625213623
0.15956494212150574
0.15003101527690887
0.15611909329891205
0.16302834451198578
0.15070804953575134
0.14994743466377258
0.1386043131351471
0.1714312881231308
0.14845502376556396
0.152337908744812
0.14985589683055878
0.1416236013174057
0.13859565556049347
0.1383441686630249
0.1323469877243042
0.14201444387435913
0.13817760348320007
0.15523962676525116
0.1611696034669876
0.1413174271583557
0.15327821671962738
0.13687852025032043
0.14208543300628662
0.14273998141288757
0.146041139960289
0.1411031037569046
0.13996708393096924
0.14277422428131104
0.15158456563949585
0.15161646902561188
0.1302255541086197
0.14073976874351501
0.1446315497159958
0.1436343491077423
0.14464642107486725
0.15103019773960114
0.1478956937789917
0.15882660448551178
0.13828538358211517
0.1380019336938858
0.1565912961959839
0.14314360916614532
0.13138459622859955
0.14073193073272705
0.13973358273506165
0.14122353494167328
0.1542099416255951
0.1588689088821411
0.1559426188468933
0.15282367169857025
0.14888513088226318
0.136713445186615
0.1410306841135025
0.13521769642829895
0.13264912366867065
0.1483411192893982
0.14280582964420319
0.15064731240272522
0.14426565170288086
0.13223034143447876
0.1299038827419281
0.1329164057970047
0.13663612306118011
0.15435536205768585
0.13759322464466095
0.15269392728805542
0.15181735157966614
0.1337544322013855
0.1617346554994583
0.14569291472434998
0.1367194801568985
0.15026429295539856
0.14585044980049133
0.1412227600812912
0.12661002576351166
0.13685445487499237
0.14310821890830994
0.14152741432189941
0.15659543871879578
0.1425168514251709
0.1498267501592636
0.12645180523395538
0.14637605845928192
0.1340990960597992
0.1424909085035324
0.14220337569713593
0.15228982269763947
0.1393619179725647
0.14482608437538147
0.15947164595127106
0.14001542329788208
0.13532957434654236
0.14403265714645386
0.1493474394083023
0.1361100673675537
0.14788684248924255
0.13395383954048157
0.1444956511259079
0.13180400431156158
0.1495015174150467
0.12914536893367767
0.14297163486480713
0.1533099263906479
0.12957118451595306
0.14500488340854645
0.14748519659042358
0.13791275024414062
0.15271562337875366
0.1453274041414261
0.13863089680671692
0.13950951397418976
0.13362909853458405
0.14479093253612518
0.13451583683490753
0.15255151689052582
0.14600612223148346
0.13545404374599457
0.1477634608745575
0.14142271876335144
0.1559784710407257
0.14837871491909027
0.12896302342414856
0.14283552765846252
0.1258777230978012
0.14137721061706543
0.13299614191055298
0.13424211740493774
0.14028623700141907
0.14351007342338562
0.1526210904121399
0.1348889023065567
0.1389884650707245
0.1434289515018463
0.1458205133676529
0.14497481286525726
0.13026411831378937
0.13060720264911652
0.1411186009645462
0.1300627440214157
0.13947415351867676
0.1315820962190628
0.13444364070892334
0.13450251519680023
0.13998377323150635
0.12922702729701996
0.13378745317459106
0.1431834101676941
0.1540968418121338
0.14592891931533813
0.12861710786819458
0.13862711191177368
0.13653425872325897
0.13647806644439697
0.12190517783164978
0.14594390988349915
0.1486566960811615
0.14424580335617065
0.14282965660095215
0.1429407298564911
0.13240399956703186
0.14043909311294556
0.1373542845249176
0.13647426664829254
0.14518359303474426
0.13351772725582123
0.13681329786777496
0.13835343718528748
0.1467432975769043
0.13747750222682953
0.1349141150712967
0.1312146633863449
0.1375436931848526
0.13715985417366028
0.14335641264915466
0.1329784244298935
0.15433254837989807
0.1403033286333084
0.13681256771087646
0.1410006731748581
0.145039364695549
0.1309659630060196
0.1264907270669937
0.15023589134216309
0.13924744725227356
0.1385955512523651
0.1495065689086914
0.15813779830932617
0.13934561610221863
0.13850295543670654
0.13585948944091797
0.12742331624031067
0.12825201451778412
0.16069819033145905
0.13914531469345093
0.1330353021621704
0.1422659158706665
0.12969624996185303
0.14375589787960052
0.15584327280521393
0.1304663121700287
0.13379602134227753
0.14294493198394775
0.14621564745903015
0.13183771073818207
0.1376158893108368
0.1364235281944275
0.13199810683727264
0.13836637139320374
0.1525551676750183
0.1371517926454544
0.13362470269203186
0.1464887261390686
0.1254349648952484
0.13242220878601074
0.1409526765346527
0.13048714399337769
0.15186189115047455
0.15585900843143463
0.13784685730934143
0.13692514598369598
0.1481599509716034
0.14840205013751984
0.1354062259197235
0.13877670466899872
0.14869298040866852
0.13692441582679749
0.13288092613220215
0.14059972763061523
0.13847456872463226
0.14495718479156494
0.13655228912830353
0.1397630125284195
0.14010606706142426
0.13755902647972107
0.14256633818149567
0.1392194628715515
0.12963619828224182
0.13875989615917206
0.1407613605260849
0.1386621594429016
0.1363767385482788
0.1428462713956833
0.13107210397720337
0.13357359170913696
0.1503617912530899
0.14057546854019165
0.13184772431850433
0.13911846280097961
0.1378421187400818
0.14362342655658722
0.12786969542503357
0.13661393523216248
0.13520818948745728
0.13229478895664215
0.15238681435585022
0.14471593499183655
0.1587955504655838
0.13802939653396606
0.14244945347309113
0.1329048126935959
0.12090688943862915
0.14730656147003174
0.13182877004146576
0.14215177297592163
0.1293860673904419
0.13745078444480896
0.13775694370269775
0.1445944756269455
0.1452697515487671
0.13920538127422333
0.13639304041862488
0.1312931329011917
0.13403871655464172
0.135863795876503
0.14737655222415924
0.14132952690124512
0.12701211869716644
0.13417170941829681
0.14616802334785461
0.13396115601062775
0.13632646203041077
0.14490185678005219
0.12464187294244766
0.1287100911140442
0.1421191394329071
0.13827142119407654
0.12946251034736633
0.14879071712493896
0.14528606832027435
0.1367371529340744
0.13908712565898895
0.12679719924926758
0.13311026990413666
0.12954343855381012
0.13928647339344025
0.13974244892597198
0.13622727990150452
0.13777491450309753
0.1502252221107483
0.12536534667015076
0.13779327273368835
0.13691949844360352
0.1338055431842804
0.1349077820777893
0.15201906859874725
0.15036162734031677
0.13725519180297852
0.12712836265563965
0.14273568987846375
0.1366456001996994
0.14940957725048065
0.12117026746273041
0.1348966360092163
0.1252623200416565
0.12777863442897797
0.1406306028366089
0.1341368556022644
0.15665827691555023
0.14853668212890625
0.1381121277809143
0.13983751833438873
0.1400873363018036
0.1383313685655594
0.13224920630455017
0.13658466935157776
0.12907180190086365
0.13832978904247284
0.12811170518398285
0.1422654539346695
0.13731735944747925
0.12682779133319855
0.14452676475048065
0.1371617615222931
0.13320599496364594
0.14497411251068115
0.12504401803016663
0.14075082540512085
0.14793965220451355
0.12255585193634033
0.12800833582878113
0.1546560823917389
0.13561011850833893
0.1499374508857727
0.12837989628314972
0.12561297416687012
0.13031913340091705
0.141178697347641
0.1452755182981491
0.1296873688697815
0.14005303382873535
0.14033964276313782
0.13331346213817596
0.13794216513633728
0.12380260229110718
0.14028465747833252
0.1331194043159485
0.12263728678226471
0.14925259351730347
0.1470632404088974
0.13647112250328064
0.12158356606960297
0.1348678320646286
0.14752379059791565
0.12437909841537476
0.12292301654815674
0.1328578144311905
0.1373559832572937
0.14227643609046936
0.1422797590494156
0.14655452966690063
0.13601703941822052
0.1306840181350708
0.14343895018100739
0.11358103156089783
0.13050112128257751
0.1554991602897644
0.12588654458522797
0.12835657596588135
0.14360268414020538
0.15127912163734436
0.12232831865549088
0.13221482932567596
0.12625378370285034
0.14000675082206726
0.142568901181221
0.13917571306228638
0.1363273561000824
0.14331766963005066
0.13359905779361725
0.1292535811662674
0.137008935213089
0.14002728462219238
0.1409321129322052
0.13056135177612305
0.1321544349193573
0.12280349433422089
0.13777011632919312
0.1433349996805191
0.12968029081821442
0.14854465425014496
0.1405300498008728
0.12230084836483002
0.13302478194236755
0.13983330130577087
0.13749292492866516
0.1390954852104187
0.13489630818367004
0.13889476656913757
0.13375157117843628
0.14955925941467285
0.13408148288726807
0.12906645238399506
0.1376684010028839
0.13398919999599457
0.12770746648311615
0.12492680549621582
0.13024505972862244
0.13770827651023865
0.15028303861618042
0.12780097126960754
0.14635279774665833
0.12257999181747437
0.14493733644485474
0.13024550676345825
0.13741499185562134
0.139056995511055
0.13002973794937134
0.13612286746501923
0.14799687266349792
0.14437837898731232
0.13793911039829254
0.13256844878196716
0.13942766189575195
0.14221793413162231
0.14285942912101746
0.13970476388931274
0.1358148157596588
0.13331276178359985
0.1453138291835785
0.13217133283615112
0.12916937470436096
0.13186638057231903
0.13474655151367188
0.13543826341629028
0.13500775396823883
0.144995778799057
0.13144540786743164
0.13125884532928467
0.1415972113609314
0.14699390530586243
0.12651365995407104
0.1475103497505188
0.15019583702087402
0.12888099253177643
0.13011878728866577
0.12519189715385437
0.1311122477054596
0.12961724400520325
0.12748512625694275
0.13613927364349365
0.13310053944587708
0.13710618019104004
0.13256926834583282
0.1312096118927002
0.1242138147354126
0.13840895891189575
0.13822883367538452
0.14291933178901672
0.13597454130649567
0.12308192253112793
0.1257925033569336
0.1317959427833557
0.13568925857543945
0.14883802831172943
0.14738720655441284
0.13483881950378418
0.13049384951591492
0.1385693997144699
0.1280970275402069
0.12431298196315765
0.1359882950782776
0.13619489967823029
0.13893002271652222
0.13629333674907684
0.1270943582057953
0.14093290269374847
0.13417896628379822
0.14548106491565704
0.12187470495700836
0.12532630562782288
0.12395752966403961
0.1369926631450653
0.12548795342445374
0.13009968400001526
0.1318114846944809
0.142448291182518
0.13363416492938995
0.1204819306731224
0.14244234561920166
0.14442285895347595
0.13556748628616333
0.13247904181480408
0.14270828664302826
0.13903221487998962
0.13138370215892792
0.14098048210144043
0.12746790051460266
0.12901322543621063
0.133051335811615
0.13394710421562195
0.13325385749340057
0.14343160390853882
0.12768098711967468
0.1290338933467865
0.1362554430961609
0.13275355100631714
0.1296154260635376
0.13666225969791412
0.1350320279598236
0.13025256991386414
0.1289169192314148
0.13260354101657867
0.1337704062461853
0.12644225358963013
0.1289292275905609
0.1370348334312439
0.1436733901500702
0.1518968641757965
0.1247871071100235
0.12487022578716278
0.1288629174232483
0.12343628704547882
0.12300333380699158
0.1398337185382843
0.12667298316955566
0.12804894149303436
0.14275133609771729
0.13602779805660248
0.14634113013744354
0.13077479600906372
0.13458886742591858
0.13439372181892395
0.12599779665470123
0.12425986677408218
0.1412239968776703
0.12158970534801483
0.1427624374628067
0.1349184662103653
0.12715454399585724
0.1320781111717224
0.1533850133419037
0.13285137712955475
0.13549169898033142
0.12170441448688507
0.13395161926746368
0.13548794388771057
0.12505896389484406
0.13924890756607056
0.11750856041908264
0.140459805727005
0.13849452137947083
0.12731486558914185
0.1461106538772583
0.13408556580543518
0.12689708173274994
0.1302352249622345
0.1420387327671051
0.13933569192886353
0.13752728700637817
0.1298912912607193
0.13287052512168884
0.12524394690990448
0.12856034934520721
0.12444090098142624
0.14232797920703888
0.13138225674629211
0.12945382297039032
0.13864898681640625
0.13874992728233337
0.13296611607074738
0.13427338004112244
0.12635619938373566
0.14229071140289307
0.1382264494895935
0.1275598108768463
0.12208012491464615
0.13835306465625763
0.13780620694160461
0.13590699434280396
0.13714081048965454
0.1266186386346817
0.13759535551071167
0.14671500027179718
0.1334831863641739
0.14124280214309692
0.15691989660263062
0.1313801258802414
0.12933194637298584
0.12500663101673126
0.12760891020298004
0.1343216747045517
0.1309225708246231
0.12808334827423096
0.12945672869682312
0.12577736377716064
0.1299920678138733
0.13142624497413635
0.1347942054271698
0.1391238421201706
0.1262039691209793
0.13436010479927063
0.14134955406188965
0.12564095854759216
0.13720786571502686
0.13566887378692627
0.12757480144500732
0.13142725825309753
0.1290278434753418
0.14454224705696106
0.13638702034950256
0.13864168524742126
0.11372577399015427
0.12412837147712708
0.13355368375778198
0.13255204260349274
0.1296139359474182
0.14202915132045746
0.13373863697052002
0.13354331254959106
0.14283299446105957
0.12429115176200867
0.12341807782649994
0.13043688237667084
0.13582772016525269
0.12940028309822083
0.12708264589309692
0.12717589735984802
0.1341908723115921
0.1239774152636528
0.136848583817482
0.13945910334587097
0.12078113108873367
0.12982964515686035
0.13987180590629578
0.123488649725914
0.12192097306251526
0.1410091072320938
0.13416805863380432
0.1380239576101303
0.12650026381015778
0.12465296685695648
0.12317328155040741
0.1414448618888855
0.12800487875938416
0.13826057314872742
0.1259920299053192
0.13751569390296936
0.13657009601593018
0.12401770055294037
0.13133831322193146
0.13597549498081207
0.12689054012298584
0.1331804096698761
0.13624049723148346
0.126480832695961
0.1282087117433548
0.12933911383152008
0.14059990644454956
0.13718031346797943
0.12676551938056946
0.13368289172649384
0.13352128863334656
0.13248632848262787
0.12216043472290039
0.15166816115379333
0.12182378768920898
0.1323523223400116
0.14163309335708618
0.14226074516773224
0.1363336145877838
0.13254715502262115
0.12834975123405457
0.1422315537929535
0.12872549891471863
0.14653266966342926
0.12802454829216003
0.1382431834936142
0.12042851746082306
0.13890518248081207
0.12946155667304993
0.12777680158615112
0.1254868507385254
0.1317700445652008
0.1347857415676117
0.12761473655700684
0.13229598104953766
0.13790977001190186
0.12610845267772675
0.13752710819244385
0.1333385705947876
0.13259978592395782
0.1312166154384613
0.11844678968191147
0.1380527913570404
0.11865857243537903
0.131937175989151
0.13077819347381592
0.13130812346935272
0.13244110345840454
0.13927720487117767
0.12566307187080383
0.13201193511486053
0.1315949261188507
0.13660605251789093
0.11957955360412598
0.1422194540500641
0.12643466889858246
0.11799895018339157
0.12996096909046173
0.1259942352771759
0.1324334293603897
0.14027541875839233
0.14115242660045624
0.13420312106609344
0.13494201004505157
0.1260615587234497
0.13823199272155762
0.14844375848770142
0.13017824292182922
0.1295531839132309
0.12240809202194214
0.12556706368923187
0.13349033892154694
0.12604913115501404
0.12915076315402985
0.1321347951889038
0.13480627536773682
0.13053114712238312
0.12641018629074097
0.13614271581172943
0.13980956375598907
0.11997510492801666
0.12726669013500214
0.12855230271816254
0.1260305643081665
0.1334971934556961
0.126923069357872
0.1364273875951767
0.12146055698394775
0.12383417040109634
0.13457274436950684
0.11404277384281158
0.13673850893974304
0.1323087066411972
0.13620369136333466
0.1297362744808197
0.13848520815372467
0.13677558302879333
0.13780251145362854
0.12450284510850906
0.13655820488929749
0.13536065816879272
0.12432129681110382
0.12301012128591537
0.13413462042808533
0.12639425694942474
0.1345670223236084
0.13436384499073029
0.1248309314250946
0.1195240467786789
0.1309976577758789
0.127914696931839
0.13466595113277435
0.1282089352607727
0.12733033299446106
0.1272469013929367
0.12980049848556519
0.13246287405490875
0.1293831616640091
0.12195470929145813
0.12739235162734985
0.14137738943099976
0.1428380310535431
0.12526528537273407
0.11834226548671722
0.12844517827033997
0.1323430985212326
0.12949484586715698
0.13871872425079346
0.1408800482749939
0.13068890571594238
0.11880418658256531
0.120631143450737
0.13885146379470825
0.13984538614749908
0.1319582760334015
0.13520215451717377
0.14285625517368317
0.132283553481102
0.13887403905391693
0.13750118017196655
0.1204039603471756
0.1350659430027008
0.13321134448051453
0.12858571112155914
0.12487135827541351
0.13928575813770294
0.1384156048297882
0.1208992600440979
0.13154345750808716
0.12911412119865417
0.127089723944664
0.12178391963243484
0.1318841278553009
0.12653085589408875
0.12976855039596558
0.12664908170700073
0.13038410246372223
0.1388023942708969
0.1152479350566864
0.12634441256523132
0.1401091068983078
0.12961117923259735
0.1258888989686966
0.11903789639472961
0.13013088703155518
0.14007288217544556
0.12930668890476227
0.1276681125164032
0.12930507957935333
0.11803611367940903
0.13564446568489075
0.12807650864124298
0.1267537921667099
0.13092423975467682
0.12389447540044785
0.1338655948638916
0.12136878818273544
0.12733763456344604
0.1249309629201889
0.13046085834503174
0.1326702982187271
0.12818695604801178
0.13158456981182098
0.13119277358055115
0.12744061648845673
0.13379424810409546
0.1313129961490631
0.11898459494113922
0.13906875252723694
0.1327691227197647
0.13682648539543152
0.13542191684246063
0.13899672031402588
0.14040213823318481
0.1271127462387085
0.13423889875411987
0.13512392342090607
0.13310597836971283
0.12816576659679413
0.1401987075805664
0.12534230947494507
0.13699409365653992
0.13836632668972015
0.12561793625354767
0.1220771074295044
0.12645530700683594
0.1344379484653473
0.12105394154787064
0.11697990447282791
0.14737164974212646
0.12277233600616455
0.1296408474445343
0.11939716339111328
0.11975273489952087
0.133819118142128
0.1261792778968811
0.13632063567638397
0.12304434180259705
0.12272945046424866
0.12178857624530792
0.12726742029190063
0.12338176369667053
0.12519502639770508
0.12564381957054138
0.12607461214065552
0.12521937489509583
0.12381349503993988
0.1316872537136078
0.14146828651428223
0.13294479250907898
0.13895942270755768
0.13072869181632996
0.13586917519569397
0.11173094809055328
0.12517477571964264
0.12818588316440582
0.13467030227184296
0.1477881371974945
0.1339883953332901
0.1340675950050354
0.12702541053295135
0.11878267675638199
0.12698352336883545
0.12764520943164825
0.12680819630622864
0.13712841272354126
0.12372258305549622
0.11774091422557831
0.11978188157081604
0.11567098647356033
0.12901908159255981
0.13586433231830597
0.13937023282051086
0.12459471821784973
0.11738520115613937
0.1218239814043045
0.12703105807304382
0.12483198940753937
0.12898145616054535
0.11678199470043182
0.1191549301147461
0.12598185241222382
0.13805079460144043
0.14580020308494568
0.12510421872138977
0.12825895845890045
0.14265376329421997
0.12942028045654297
0.13149358332157135
0.13833379745483398
0.13278710842132568
0.12197136878967285
0.1376398652791977
0.11953995376825333
0.1325620412826538
0.11775215715169907
0.13377122581005096
0.13418222963809967
