training time  463.0090651512146

Mean Rank: 13, 3
Mean RR: 0.2293, 0.7731
Hit@1: 0.0847, 0.6399
Hit@3: 0.2360, 0.8926
Hit@5: 0.3578, 0.9266
Hit@10: 0.5825, 0.9607
0.7985449433326721
0.7865434885025024
0.8188128471374512
0.6864408254623413
0.610670804977417
0.5620254278182983
0.5255609750747681
0.4875611364841461
0.46582844853401184
0.43380284309387207
0.39516058564186096
0.4036007523536682
0.3890766203403473
0.3747679591178894
0.3682421147823334
0.3488833010196686
0.34356802701950073
0.32744187116622925
0.3309291899204254
0.32205134630203247
0.2989007830619812
0.3157109022140503
0.2922816872596741
0.28652870655059814
0.3015725910663605
0.29971134662628174
0.2967225909233093
0.28339684009552
0.291172057390213
0.283291220664978
0.27039095759391785
0.2616632580757141
0.2652249336242676
0.2801102101802826
0.25848495960235596
0.26079845428466797
0.27480655908584595
0.27061593532562256
0.2637031674385071
0.2742447555065155
0.2597673833370209
0.262154221534729
0.23855754733085632
0.24498134851455688
0.2568291425704956
0.24858437478542328
0.2545775771141052
0.2487102746963501
0.25146788358688354
0.24993716180324554
0.2480623722076416
0.2388426810503006
0.2379598468542099
0.23760747909545898
0.2564336657524109
0.2493313103914261
0.24617788195610046
0.23393958806991577
0.238442063331604
0.24401190876960754
0.22786295413970947
0.225544273853302
0.23750852048397064
0.23031480610370636
0.2478955239057541
0.2346934825181961
0.22333362698554993
0.24034962058067322
0.22736957669258118
0.24095073342323303
0.21692827343940735
0.22877928614616394
0.2354845404624939
0.2433750033378601
0.23080801963806152
0.22061043977737427
0.22209855914115906
0.22757914662361145
0.2246200442314148
0.23057210445404053
0.22622063755989075
0.22044937312602997
0.22220584750175476
0.21469351649284363
0.2294462025165558
0.23407979309558868
0.23230037093162537
0.22416898608207703
0.22501647472381592
0.22842594981193542
0.22247757017612457
0.22100310027599335
0.22271186113357544
0.22938379645347595
0.22862453758716583
0.23494656383991241
0.2047150731086731
0.22424651682376862
0.21092437207698822
0.21477176249027252
0.21650998294353485
0.2180892676115036
0.21202018857002258
0.21062111854553223
0.21751458942890167
0.2170153558254242
0.22367364168167114
0.2252783328294754
0.2218017280101776
0.2271791249513626
0.20359492301940918
0.21828430891036987
0.2216516137123108
0.21513231098651886
0.21372857689857483
0.20666226744651794
0.21160972118377686
0.2248944342136383
0.22359418869018555
0.21921326220035553
0.20411011576652527
0.21119031310081482
0.211312934756279
0.20825359225273132
0.21819660067558289
0.21405339241027832
0.20914731919765472
0.21184134483337402
0.214674174785614
0.22169272601604462
0.21086394786834717
0.22661036252975464
0.21331040561199188
0.21503138542175293
0.20109716057777405
0.2131221741437912
0.20636653900146484
0.22725549340248108
0.21170851588249207
0.20139563083648682
0.20885010063648224
0.21493330597877502
0.2148256003856659
0.2167293280363083
0.2094777524471283
0.20634867250919342
0.2035253345966339
0.21709240972995758
0.22138342261314392
0.21228642761707306
0.2075018584728241
0.20496603846549988
0.22495482861995697
0.2131061553955078
0.20410963892936707
0.2032317817211151
0.212764710187912
0.21101683378219604
0.21075864136219025
0.20835721492767334
0.20506496727466583
0.2112242579460144
0.20995424687862396
0.2007237672805786
0.2155957818031311
0.21815387904644012
0.21665984392166138
0.21125328540802002
0.215216726064682
0.19613251090049744
0.20929975807666779
0.2034192979335785
0.20422455668449402
0.19868403673171997
0.20780210196971893
0.20381276309490204
0.1944066733121872
0.2217707335948944
0.20913761854171753
0.20679067075252533
0.19344544410705566
0.20147541165351868
0.21442294120788574
0.20064091682434082
0.20097003877162933
0.2054150104522705
0.20955537259578705
0.22041426599025726
0.2001255452632904
0.20724299550056458
0.20552125573158264
0.19667702913284302
0.19710350036621094
0.2060045599937439
0.20931652188301086
0.2082497477531433
0.2100110650062561
0.1953994333744049
0.19498120248317719
0.210321307182312
0.18431514501571655
0.1960785686969757
0.19761770963668823
0.19842678308486938
0.20979148149490356
0.22144490480422974
0.21055680513381958
0.21532875299453735
0.20179042220115662
0.20438417792320251
0.20336565375328064
0.1974315643310547
0.20029643177986145
0.1995941698551178
0.20654401183128357
0.21031740307807922
0.21012476086616516
0.20687627792358398
0.21349871158599854
0.19806250929832458
0.20103026926517487
0.1881726086139679
0.20329418778419495
0.1989808827638626
0.20585845410823822
0.2059713900089264
0.20980998873710632
0.20368388295173645
0.22114242613315582
0.21240347623825073
0.19429881870746613
0.2066294550895691
0.20655395090579987
0.20875275135040283
0.19119581580162048
0.20868819952011108
0.2151012122631073
0.2004690170288086
0.1951472908258438
0.2025788128376007
0.20207348465919495
0.20253930985927582
0.21072739362716675
0.20846374332904816
0.20828787982463837
0.1979263722896576
0.20347358286380768
0.21140682697296143
0.19329404830932617
0.19661730527877808
0.19457224011421204
0.19618719816207886
0.20331403613090515
0.2125147581100464
0.19993512332439423
0.2051239162683487
0.20607465505599976
0.2023046612739563
0.1967877298593521
0.20925867557525635
0.19505667686462402
0.20033298432826996
0.19612422585487366
0.19285449385643005
0.2004493921995163
0.22609585523605347
0.20786583423614502
0.2023257613182068
0.20555657148361206
0.2010878324508667
0.19722458720207214
0.19815169274806976
0.19551996886730194
0.21385376155376434
0.196193665266037
0.1954926699399948
0.2002304494380951
0.19677947461605072
0.19508498907089233
0.19460313022136688
0.20038747787475586
0.1888790726661682
0.20602592825889587
0.2017180323600769
0.2052084505558014
0.1959034651517868
0.19757969677448273
0.20266097784042358
0.19797444343566895
0.19525527954101562
0.19566793739795685
0.19697904586791992
0.19512715935707092
0.19720086455345154
0.20524495840072632
0.21622249484062195
0.20122942328453064
0.20926231145858765
0.20469552278518677
0.1974988728761673
0.1810571253299713
0.20431241393089294
0.20448219776153564
0.1907902956008911
0.19567054510116577
0.1982649564743042
0.20411325991153717
0.20796531438827515
0.203213632106781
0.20306789875030518
0.1973552107810974
0.19392991065979004
0.1990002989768982
0.1938244104385376
0.1984105259180069
0.19852320849895477
0.19122886657714844
0.21018359065055847
0.2106451392173767
0.2063201516866684
0.20350229740142822
0.2020447999238968
0.19098587334156036
0.2025349885225296
0.19159530103206635
0.19431105256080627
0.1855469048023224
0.20175376534461975
0.2040913999080658
0.18710054457187653
0.19781708717346191
0.1929399073123932
0.19728735089302063
0.20890595018863678
0.18763214349746704
0.20815938711166382
0.21156586706638336
0.19830310344696045
0.20056627690792084
0.2092946469783783
0.1985613852739334
0.19969022274017334
0.19141429662704468
0.19442522525787354
0.19972631335258484
0.19663453102111816
0.2055126279592514
0.1873343288898468
0.20824477076530457
0.1884814202785492
0.19935457408428192
0.1975269317626953
0.20446637272834778
0.20015527307987213
0.19549560546875
0.1909458041191101
0.19652678072452545
0.19883283972740173
0.19345669448375702
0.18987447023391724
0.20298978686332703
0.19216269254684448
0.20180684328079224
0.2101634442806244
0.19049400091171265
0.1967862844467163
0.1902269572019577
0.19532081484794617
0.20886710286140442
0.18984952569007874
0.19798849523067474
0.18241000175476074
0.19015884399414062
0.19789336621761322
0.2002171128988266
0.19463510811328888
0.20600056648254395
0.19338776171207428
0.18910616636276245
0.19563347101211548
0.19528687000274658
0.1845836490392685
0.1960999071598053
0.2018326222896576
0.199269101023674
0.18694747984409332
0.19153378903865814
0.19621363282203674
0.20042884349822998
0.18899834156036377
0.19158728420734406
0.19176048040390015
0.19314000010490417
0.20446650683879852
0.20669575035572052
0.1968960016965866
0.1979835480451584
0.19060614705085754
0.20221246778964996
0.18853358924388885
0.1916416734457016
0.1961452066898346
0.2028951346874237
0.19286292791366577
0.19768434762954712
0.1976863443851471
0.19956877827644348
0.19949881732463837
0.20441825687885284
0.19373923540115356
0.18571904301643372
0.19514307379722595
0.1990411877632141
0.1900784969329834
0.19569523632526398
0.19788655638694763
0.18869468569755554
0.18676528334617615
0.1965373158454895
0.20770400762557983
0.20456597208976746
0.1910274177789688
0.19139139354228973
0.19587627053260803
0.19564536213874817
0.18912065029144287
0.19845637679100037
0.20580407977104187
0.20116540789604187
0.19761040806770325
0.2017679512500763
0.18475516140460968
0.19886481761932373
0.19387096166610718
0.19031482934951782
0.17660970985889435
0.2106953263282776
0.18793140351772308
0.19691935181617737
0.19912809133529663
0.18364855647087097
0.19218972325325012
0.2101789116859436
0.19026237726211548
0.18991264700889587
0.1954820156097412
0.19462677836418152
0.2010016143321991
0.1974630355834961
0.2004057765007019
0.18911801278591156
0.19471237063407898
0.1982365995645523
0.21159683167934418
0.19831036031246185
0.19725197553634644
0.1881481111049652
0.20574966073036194
0.19367828965187073
0.19408801198005676
0.1935560703277588
0.1930437982082367
0.19524598121643066
0.2088107019662857
0.18767693638801575
0.19258876144886017
0.19253826141357422
0.19551700353622437
0.20288735628128052
0.20530053973197937
0.18521299958229065
0.1954851746559143
0.2094234973192215
0.1998504102230072
0.19009050726890564
0.20428036153316498
0.19331952929496765
0.19590026140213013
0.19609083235263824
0.19029253721237183
0.18938523530960083
0.1921461522579193
0.20289945602416992
0.19368724524974823
0.19465003907680511
0.18703630566596985
0.1868365854024887
0.19693222641944885
0.1896606683731079
0.18915840983390808
0.1917293667793274
0.18693584203720093
0.17987877130508423
0.19346284866333008
0.19580680131912231
0.19726312160491943
0.19870513677597046
0.19352157413959503
0.20430971682071686
0.19056490063667297
0.19096297025680542
0.19845005869865417
0.19584855437278748
0.19484904408454895
0.18001088500022888
0.18303734064102173
0.19131387770175934
0.1923913061618805
0.1864941418170929
0.19396913051605225
0.19059330224990845
0.1868339478969574
0.19484256207942963
0.18784254789352417
0.19785109162330627
0.20913022756576538
0.183674156665802
0.18139013648033142
0.19629694521427155
0.20232822000980377
0.19659006595611572
0.1880880892276764
0.20241761207580566
0.18964257836341858
0.1897377371788025
0.1996290385723114
0.19861480593681335
0.1955239176750183
0.19165463745594025
0.192586749792099
0.19605064392089844
0.18928304314613342
0.18981656432151794
0.2028939425945282
0.18047301471233368
0.20075394213199615
0.20016449689865112
0.19354738295078278
0.20424646139144897
0.18391764163970947
0.19790847599506378
0.19705328345298767
0.19348156452178955
0.17622743546962738
0.19162797927856445
0.18874004483222961
0.18343369662761688
0.20551739633083344
0.19538947939872742
0.1838417798280716
0.18754558265209198
0.18280909955501556
0.19470158219337463
0.2038746178150177
0.19398659467697144
0.18581663072109222
0.1953103393316269
0.20984676480293274
0.20105403661727905
0.18934157490730286
0.18729527294635773
0.1940287947654724
0.19185535609722137
0.19829559326171875
0.18956992030143738
0.1860361397266388
0.1890244334936142
0.20795181393623352
0.19609162211418152
0.18487617373466492
0.1805538833141327
0.18959571421146393
0.1989542841911316
0.19212442636489868
0.19780977070331573
0.18927988409996033
0.18628256022930145
0.19061890244483948
0.1948007494211197
0.19002729654312134
0.19514533877372742
0.1825050562620163
0.20246848464012146
0.19347898662090302
0.1923915594816208
0.19988247752189636
0.18216410279273987
0.1892007291316986
0.19194859266281128
0.19777806103229523
0.1978825032711029
0.19439998269081116
0.18576669692993164
0.19839853048324585
0.1904108226299286
0.18892532587051392
0.18609684705734253
0.1818520575761795
0.19334496557712555
0.19119057059288025
0.19202673435211182
0.18851372599601746
0.17983269691467285
0.18620048463344574
0.18498381972312927
0.19589358568191528
0.20269188284873962
0.19295944273471832
0.19599753618240356
0.1907559037208557
0.18397369980812073
0.18971993029117584
0.19430847465991974
0.1908128559589386
0.1852690875530243
0.1966908574104309
0.19658486545085907
0.2015240490436554
0.18420124053955078
0.19121971726417542
0.1886460930109024
0.19103825092315674
0.18746446073055267
0.20085525512695312
0.19103598594665527
0.17552825808525085
0.21180430054664612
0.17512567341327667
0.19849532842636108
0.19847819209098816
0.19609969854354858
0.1875547468662262
0.203181654214859
0.18494170904159546
0.19246448576450348
0.19940593838691711
0.18600237369537354
0.1827160120010376
0.18433743715286255
0.18706509470939636
0.19165828824043274
0.18708322942256927
0.20055854320526123
0.2005251944065094
0.19220179319381714
0.1898099035024643
0.19063693284988403
0.19695398211479187
0.18273472785949707
0.17879536747932434
0.1893274188041687
0.18435049057006836
0.1872628629207611
0.18546989560127258
0.19956329464912415
0.18882577121257782
0.18981163203716278
0.18735483288764954
0.19643747806549072
0.19815701246261597
0.18069076538085938
0.20257535576820374
0.1910877823829651
0.20357713103294373
0.18303713202476501
0.1862666755914688
0.19740715622901917
0.18766772747039795
0.1840590238571167
0.19640934467315674
0.18349091708660126
0.20184314250946045
0.19120369851589203
0.19927978515625
0.19584348797798157
0.18193046748638153
0.19534656405448914
0.20586834847927094
0.18519021570682526
0.18264919519424438
0.18375593423843384
0.18730323016643524
0.19245709478855133
0.1965925097465515
0.18601453304290771
0.20467856526374817
0.1817900538444519
0.18706418573856354
0.1812329888343811
0.20553404092788696
0.17603185772895813
0.1898215115070343
0.1906176507472992
0.19486719369888306
0.19011712074279785
0.18583399057388306
0.19115014374256134
0.19478601217269897
0.19247493147850037
0.20042258501052856
0.18909144401550293
0.18914714455604553
0.19122247397899628
0.1869432032108307
0.19381366670131683
0.18298132717609406
0.1891234815120697
0.18015830218791962
0.1901165246963501
0.19859276711940765
0.18976399302482605
0.18183782696723938
0.18774566054344177
0.18582981824874878
0.19810611009597778
0.18662066757678986
0.20032325387001038
0.17700892686843872
0.19231697916984558
0.18883022665977478
0.18715640902519226
0.1924559473991394
0.1794859766960144
0.20745573937892914
0.1888284832239151
0.18167230486869812
0.19943544268608093
0.1875927448272705
0.191334068775177
0.1920483261346817
0.18021321296691895
0.19516617059707642
0.19231382012367249
0.18099692463874817
0.1961062252521515
0.18172624707221985
0.1846400797367096
0.19742639362812042
0.19033506512641907
0.19109538197517395
0.20299109816551208
0.1933322548866272
0.18456456065177917
0.18048302829265594
0.1764313280582428
0.17507189512252808
0.18822218477725983
0.1917310655117035
0.1879456341266632
0.19278982281684875
0.20607109367847443
0.1871667355298996
0.19897431135177612
0.19282658398151398
0.19122549891471863
0.17440029978752136
0.1921476423740387
0.17989027500152588
0.1843165159225464
0.18607893586158752
0.18610648810863495
0.17949853837490082
0.1872488260269165
0.2072545289993286
0.18753162026405334
0.17662480473518372
0.1972869634628296
0.18528513610363007
0.19181478023529053
0.19151809811592102
0.18766917288303375
0.18354356288909912
0.18246516585350037
0.1974913477897644
0.18305477499961853
0.18650424480438232
0.19013600051403046
0.18545617163181305
0.18413111567497253
0.19427675008773804
0.18690679967403412
0.19371190667152405
0.18659165501594543
0.19393682479858398
0.18658465147018433
0.20334744453430176
0.182176411151886
0.19834083318710327
0.18362103402614594
0.19038452208042145
0.189599871635437
0.19610248506069183
0.17765694856643677
0.19632093608379364
0.1831846833229065
0.17912477254867554
0.1721533238887787
0.1898394674062729
0.18673743307590485
0.18921102583408356
0.17592202126979828
0.17960524559020996
0.191317617893219
0.1862545758485794
0.19519951939582825
0.18213194608688354
0.1984354853630066
0.18722915649414062
0.18825644254684448
0.1939326524734497
0.1796826720237732
0.18482619524002075
0.19851024448871613
0.1914573758840561
0.19406414031982422
0.18921113014221191
0.17368149757385254
0.1909860074520111
0.19246965646743774
0.18978355824947357
0.20574691891670227
0.18045786023139954
0.18429780006408691
0.1803451031446457
0.181186705827713
0.18993161618709564
0.18499384820461273
0.18090543150901794
0.19570299983024597
0.18464556336402893
0.17745612561702728
0.1848410964012146
0.19630612432956696
0.17663584649562836
0.20121431350708008
0.1870172619819641
0.1942649930715561
0.18228639662265778
0.19590145349502563
0.19077008962631226
0.17828091979026794
0.20119038224220276
0.19133079051971436
0.18788637220859528
0.18990877270698547
0.2056368589401245
0.18506015837192535
0.180691659450531
0.17450258135795593
0.19585499167442322
0.18862879276275635
0.2050824761390686
0.18307219445705414
0.19137632846832275
0.1772313117980957
0.19457802176475525
0.18627920746803284
0.18990549445152283
0.18127161264419556
0.17481914162635803
0.17450794577598572
0.19268962740898132
0.17234264314174652
0.19269290566444397
0.19572481513023376
0.1840524822473526
0.18597453832626343
0.19951844215393066
0.18546882271766663
0.18469730019569397
0.18301630020141602
0.1833362579345703
0.18017129600048065
0.18481764197349548
0.18355733156204224
0.18030591309070587
0.22022183239459991
0.18033936619758606
0.194650799036026
0.18450209498405457
0.18642914295196533
0.19307392835617065
0.18844035267829895
0.1799979954957962
0.19580599665641785
0.18298020958900452
0.1896556317806244
0.18611663579940796
0.19384966790676117
0.18115092813968658
0.17538562417030334
0.20449720323085785
0.18959829211235046
0.17928752303123474
0.17722707986831665
0.18882770836353302
0.1881985366344452
0.18909533321857452
0.1923125982284546
0.19462046027183533
0.19089706242084503
0.18602213263511658
0.1720999777317047
0.16993340849876404
0.1983206868171692
0.18301668763160706
0.2075505256652832
0.1917121261358261
0.18698954582214355
0.19169068336486816
0.18618911504745483
0.19579772651195526
0.19557347893714905
0.18455806374549866
0.1926301121711731
0.18899047374725342
0.18644125759601593
0.1793009638786316
0.17759227752685547
0.1969609558582306
0.18683338165283203
0.1896294504404068
0.19290056824684143
0.17119652032852173
0.18649184703826904
0.18370339274406433
0.18531614542007446
0.18893873691558838
0.18731333315372467
0.19087250530719757
0.18395057320594788
0.1872379183769226
0.17483192682266235
0.18799109756946564
0.1904127299785614
0.18620288372039795
0.19900602102279663
0.18806973099708557
0.1900942623615265
0.20169632136821747
0.18759658932685852
0.1830781102180481
0.18129441142082214
0.18909534811973572
0.19925038516521454
0.19808778166770935
0.18938633799552917
0.18437719345092773
0.1834537386894226
0.18002501130104065
0.18363505601882935
0.20422391593456268
0.17445765435695648
0.1853557527065277
0.18558329343795776
0.19723913073539734
0.18151751160621643
0.1968468278646469
0.1849745810031891
0.18397411704063416
0.18355827033519745
0.19843243062496185
0.18998408317565918
0.1877123862504959
0.18354693055152893
0.1849646121263504
0.18470697104930878
0.18220964074134827
0.19361667335033417
0.18272924423217773
0.18902096152305603
0.19425831735134125
0.18215902149677277
0.1907627284526825
0.17853812873363495
0.18072417378425598
0.19298706948757172
0.19032105803489685
0.18690747022628784
0.1922931969165802
0.19955328106880188
0.18642283976078033
0.1890309453010559
0.18307051062583923
0.1835281252861023
0.19921833276748657
0.17831072211265564
0.16922885179519653
0.18590152263641357
0.1978389322757721
0.17851249873638153
0.18920336663722992
0.1760866343975067
0.20793604850769043
0.18292132019996643
0.1803036332130432
0.18829232454299927
0.187030628323555
0.18047788739204407
0.18195731937885284
