3	21	83
35	2	74
48	4	37
8	19	90
2	13	47
64	3	47
34	23	44
69	3	39
85	3	47
94	20	9
13	9	70
6	23	0
85	7	3
66	24	7
93	7	39
96	19	63
5	2	67
0	7	72
13	1	75
14	2	61
23	10	50
92	9	36
84	5	94
90	23	10
18	22	53
64	22	70
68	3	25
21	24	10
7	1	99
51	7	39
27	19	40
18	7	39
94	22	103
13	22	66
100	0	71
54	8	11
85	9	1
26	13	1
63	23	36
8	12	64
66	23	11
53	21	100
47	13	35
40	10	80
18	3	84
40	20	1
29	8	86
3	9	31
51	9	26
16	18	25
35	1	58
40	21	52
81	7	70
24	10	84
74	10	31
40	4	30
16	3	86
78	21	68
88	12	4
69	23	82
33	2	63
85	20	34
86	24	50
36	10	5
18	7	66
67	23	20
16	10	92
26	19	49
65	23	82
79	10	23
30	20	47
3	15	89
97	5	95
36	13	20
25	4	38
31	22	75
64	9	18
54	12	41
39	24	19
15	8	6
23	20	47
53	5	78
53	18	46
17	3	45
86	23	22
4	1	13
77	22	88
84	23	10
16	18	73
40	2	54
20	8	73
99	2	95
56	3	13
65	23	21
100	0	49
34	2	63
54	8	45
45	2	89
51	14	56
74	1	58
51	8	6
39	13	23
69	22	56
88	4	42
78	12	95
37	22	81
91	0	27
85	20	14
51	10	60
73	3	25
70	1	0
25	13	26
45	19	49
71	13	47
99	4	14
30	9	78
81	3	96
42	10	72
97	22	57
21	10	47
22	21	58
41	1	7
63	12	92
99	9	20
74	15	98
36	23	45
89	22	81
61	18	46
18	7	41
53	8	25
97	0	10
53	3	10
62	7	54
47	18	68
29	10	5
103	24	41
65	7	48
17	22	73
22	2	99
50	5	70
15	12	80
12	7	23
18	20	7
1	18	102
97	19	69
89	23	60
55	4	1
81	8	17
57	7	98
88	8	72
71	13	38
38	7	33
82	6	49
53	7	75
101	20	17
17	1	4
46	10	2
60	22	94
58	12	74
82	9	74
15	3	58
78	7	70
83	8	65
88	3	85
60	10	15
50	24	47
8	3	83
97	19	66
12	13	0
7	7	5
41	23	17
18	7	78
54	7	76
9	21	102
57	8	63
99	5	61
3	22	87
68	3	87
55	3	87
71	7	36
3	20	13
70	21	69
35	8	91
26	13	35
31	9	92
39	4	20
9	0	23
53	12	20
103	10	35
23	23	71
89	4	44
1	8	28
101	21	88
1	9	56
91	21	75
78	20	18
84	21	66
75	12	94
86	7	3
27	3	6
40	3	72
90	5	79
22	23	11
48	9	86
8	7	10
2	4	16
69	22	88
55	7	29
24	19	27
84	24	18
94	21	63
32	13	42
82	18	87
47	8	96
71	3	18
19	10	5
81	2	98
59	8	31
26	8	46
72	22	97
81	2	69
14	20	47
28	21	56
2	7	66
23	7	94
66	7	74
23	10	75
84	5	89
23	8	35
54	14	63
28	7	85
17	8	72
32	7	91
26	7	3
20	8	18
60	1	77
30	24	20
102	8	41
15	10	81
101	8	49
37	8	46
64	0	102
55	10	60
102	21	3
103	23	38
67	2	70
97	24	33
68	24	71
2	13	8
68	22	88
33	22	57
21	24	14
24	7	100
36	1	54
27	3	61
38	3	83
13	3	32
5	14	94
27	3	28
1	10	7
0	19	75
44	21	95
72	8	47
97	22	87
39	2	99
43	20	50
21	4	41
69	3	81
46	23	17
10	3	23
32	18	58
20	8	71
35	1	71
101	9	40
5	23	10
40	13	43
95	3	29
72	4	20
10	3	6
92	8	62
101	20	50
59	5	68
32	24	50
70	8	91
84	4	17
58	12	70
0	8	34
12	7	101
62	7	29
95	3	39
53	8	55
0	12	25
37	9	100
29	1	54
58	18	47
32	18	51
24	20	49
95	5	61
81	7	80
92	22	74
11	23	40
100	5	86
10	8	76
77	23	17
30	10	84
16	3	83
81	8	89
82	10	91
96	4	21
3	14	72
4	21	92
45	23	41
43	22	73
6	7	86
81	2	78
3	9	29
52	18	47
42	23	45
55	3	2
40	9	101
81	19	101
100	1	48
38	8	81
82	3	8
12	8	24
6	21	89
44	21	98
46	1	66
58	18	45
24	8	94
5	4	50
46	0	25
45	18	62
53	8	18
47	8	36
55	8	61
7	23	11
48	12	44
47	18	70
97	21	83
14	9	103
9	20	37
97	21	86
38	8	69
95	8	11
90	21	78
100	2	67
41	13	20
50	2	64
26	8	40
8	8	54
75	1	13
36	21	68
57	22	3
41	1	46
97	10	82
62	23	43
78	24	7
32	5	84
97	5	103
92	8	71
41	8	86
55	3	18
38	7	23
96	22	85
10	23	0
100	8	43
18	7	29
84	21	65
54	7	42
89	9	93
48	10	66
34	22	55
71	12	35
68	8	28
17	13	2
23	8	48
76	5	86
3	20	17
60	7	44
27	7	64
73	15	99
24	8	37
53	12	3
53	0	23
27	9	66
33	3	43
13	8	81
79	24	13
24	4	21
44	21	54
5	2	90
35	4	37
95	1	69
15	12	5
98	8	11
14	7	4
39	9	92
50	19	49
79	24	17
51	8	14
3	20	38
58	7	99
33	3	6
11	8	22
92	22	55
77	24	31
54	8	102
57	2	51
24	20	18
40	4	34
11	23	46
85	0	8
29	23	47
16	12	4
44	0	49
50	8	29
95	10	25
62	7	77
34	22	68
103	4	23
1	2	51
24	24	19
67	2	62
18	4	11
73	18	37
91	19	7
32	2	75
55	8	43
60	13	28
61	18	39
101	2	97
42	2	90
40	8	4
44	21	99
27	23	71
13	13	15
8	19	44
12	23	42
74	23	20
28	23	2
7	13	20
80	5	4
50	7	21
80	6	37
85	24	17
21	22	55
94	22	98
36	19	10
102	2	86
42	9	94
100	20	31
28	13	36
74	4	37
10	19	99
53	3	61
87	20	60
80	22	6
92	20	13
27	22	90
1	3	0
51	7	103
32	24	12
25	1	57
80	5	64
83	8	40
19	9	101
69	19	92
101	23	42
87	3	74
9	0	43
31	1	60
50	8	81
36	5	61
74	23	10
86	20	21
42	2	80
33	5	54
61	6	41
27	8	80
65	23	50
42	24	25
36	22	85
11	7	21
28	13	60
48	1	0
6	4	19
13	8	96
98	23	17
69	19	3
24	20	2
90	1	57
102	18	1
88	7	21
36	23	47
42	5	64
37	20	14
81	7	5
38	18	51
15	7	29
87	2	67
38	24	8
12	24	82
52	1	35
11	12	45
62	3	1
102	14	100
2	3	18
94	24	28
91	22	87
3	19	22
13	7	6
66	18	97
102	23	25
72	3	99
81	7	48
28	0	9
79	7	97
99	24	41
43	2	91
102	2	75
64	7	43
48	2	76
41	9	92
3	8	62
100	20	36
61	22	55
71	13	60
65	20	93
60	1	40
102	23	48
27	0	3
79	3	88
52	3	2
101	1	33
5	2	70
82	9	73
78	23	20
77	10	25
79	8	36
7	9	61
55	8	28
19	2	81
7	8	47
56	14	57
75	3	37
36	3	31
59	7	92
69	7	35
99	24	29
71	19	37
86	18	68
63	7	50
66	18	43
61	7	94
73	8	101
102	22	80
6	24	10
30	3	33
3	24	43
52	7	39
6	4	39
58	23	12
90	7	46
53	15	88
58	3	2
60	3	54
38	7	14
49	3	37
23	19	46
62	3	76
27	19	46
65	3	96
43	8	62
27	7	12
21	22	52
45	22	95
94	21	92
90	18	32
48	1	49
2	13	17
10	8	87
84	5	102
65	10	49
19	9	3
93	10	69
54	3	19
89	9	42
39	4	21
40	20	18
78	7	87
17	3	79
23	13	60
7	8	17
87	1	2
19	24	41
21	2	101
71	18	56
29	10	42
63	7	64
46	18	61
28	4	22
26	0	8
40	23	45
36	21	51
40	4	33
8	8	98
51	9	13
64	3	79
33	22	87
59	3	86
100	21	98
67	21	66
4	22	69
22	24	29
55	1	42
28	20	11
36	5	97
86	1	16
26	7	91
89	8	24
86	22	54
70	5	79
36	2	72
38	5	62
82	12	85
61	3	6
63	10	82
50	8	39
11	10	14
6	5	77
48	21	69
34	23	49
90	15	95
86	24	32
48	2	73
74	1	15
20	9	77
96	23	13
29	5	63
32	18	52
97	23	93
77	22	3
23	7	85
13	22	54
27	22	51
8	19	70
23	8	42
34	24	27
81	18	27
2	7	36
27	9	72
100	18	11
44	0	15
24	10	90
69	10	49
15	12	90
52	8	97
100	1	90
16	23	24
83	8	99
3	21	59
61	8	84
86	21	61
61	14	65
13	9	90
44	5	83
29	8	45
63	8	87
20	3	14
100	20	40
40	10	35
19	4	20
57	7	103
92	21	86
101	1	53
82	10	33
89	7	91
38	19	44
33	8	25
14	7	0
1	8	10
59	22	70
44	20	7
23	3	6
35	10	41
92	21	88
97	22	90
32	23	7
32	9	87
39	10	74
19	4	34
64	3	32
88	7	92
7	19	92
77	24	24
88	24	8
6	23	49
66	8	17
102	22	72
83	15	61
35	13	26
76	18	47
43	24	28
102	20	34
73	23	21
41	5	63
12	13	49
98	21	52
37	5	84
39	20	0
76	14	94
82	23	40
60	22	4
35	10	103
41	10	73
58	7	29
50	9	84
26	19	68
19	8	37
59	9	18
102	10	20
64	21	63
92	22	76
60	9	53
43	22	84
49	1	35
27	7	59
4	20	9
14	7	26
84	22	53
20	7	85
94	22	69
95	21	58
90	1	2
1	12	42
11	3	12
68	3	42
9	7	85
9	22	80
80	24	25
36	3	40
62	10	46
49	0	100
70	22	63
33	7	45
30	2	61
73	3	67
18	7	77
29	5	61
39	2	98
69	12	36
35	22	6
73	5	88
101	20	11
16	8	19
61	3	14
25	12	44
4	20	33
53	0	6
42	10	103
68	7	22
98	20	1
93	1	74
25	3	67
85	19	15
76	8	43
61	23	71
74	5	94
16	9	87
98	3	29
57	7	95
31	21	52
102	1	82
47	2	59
79	7	21
40	3	36
30	8	48
13	13	25
83	7	34
51	23	17
87	22	63
88	7	28
34	23	71
51	14	75
24	19	10
16	22	62
34	7	86
38	0	94
94	2	89
70	10	29
8	23	40
100	20	19
69	7	80
84	3	73
72	10	48
47	8	40
14	4	40
10	24	9
15	9	75
12	8	77
56	8	19
54	22	61
35	3	48
41	20	15
0	19	89
62	8	91
10	7	38
39	10	90
19	22	63
86	1	82
78	12	40
93	1	42
66	20	93
90	7	66
70	22	53
16	22	84
14	8	67
31	23	38
82	8	19
14	21	59
31	23	26
98	15	73
19	2	54
44	2	84
60	8	88
22	2	72
27	22	73
41	1	60
71	8	20
4	4	44
42	24	48
95	5	6
90	18	16
84	5	79
77	23	32
25	8	43
42	18	16
48	10	29
39	21	57
11	7	3
61	14	66
10	22	62
87	2	70
27	23	1
85	19	2
74	15	96
48	23	33
27	3	63
83	5	68
103	24	36
56	7	43
96	10	35
101	0	10
32	1	11
65	21	51
10	7	85
72	3	81
56	1	26
57	7	40
31	20	71
78	23	21
97	23	1
30	7	37
17	3	32
43	18	66
58	24	1
11	13	71
0	7	54
68	18	17
98	21	55
100	23	23
14	9	99
91	8	100
42	19	56
6	22	62
47	10	63
59	8	65
31	21	55
64	3	88
93	13	12
54	19	92
68	10	8
50	19	1
14	21	64
69	2	98
12	23	25
19	10	57
25	23	14
50	5	87
7	10	51
70	23	23
47	13	1
3	14	99
102	23	31
17	22	69
49	3	93
45	7	101
82	10	34
61	8	80
15	0	100
96	15	67
50	24	11
24	2	81
96	23	50
62	7	78
0	7	39
43	0	10
34	3	43
67	5	102
9	23	1
62	8	28
36	1	69
15	7	66
67	24	1
38	7	101
27	0	92
43	21	85
25	10	96
67	18	56
22	20	2
37	24	32
97	19	81
49	10	22
67	7	95
36	10	84
48	8	3
59	22	54
78	3	72
84	10	24
35	1	55
34	7	4
63	23	18
37	0	88
86	2	75
84	1	93
48	5	75
89	8	98
31	8	94
78	7	73
51	7	95
7	7	35
101	9	19
23	5	98
45	19	1
90	18	26
55	8	27
103	15	70
81	20	18
57	8	23
19	22	56
26	10	53
38	3	85
28	19	40
26	23	22
40	20	71
79	8	96
20	23	44
0	12	67
21	20	12
30	3	34
74	8	9
102	24	45
9	11	18
62	8	9
79	8	40
20	24	9
16	12	59
97	22	68
51	8	33
64	3	89
60	9	61
58	7	72
8	18	100
100	21	69
66	23	30
61	14	81
6	5	72
23	3	30
10	19	39
18	7	81
77	4	28
72	15	80
97	4	24
99	21	58
53	5	65
78	7	44
75	24	26
44	18	56
4	22	99
75	15	101
52	23	20
64	8	65
11	10	63
12	3	86
6	3	43
60	8	38
81	22	59
4	23	39
72	22	91
98	22	79
85	24	13
96	15	70
53	9	60
37	5	90
73	23	27
38	9	100
72	20	93
22	7	74
78	20	2
15	8	23
45	3	4
85	8	77
32	19	93
84	8	97
0	19	26
79	22	66
79	3	26
85	3	37
38	24	17
98	23	26
66	21	52
74	23	30
65	18	63
82	22	58
53	5	54
64	8	96
35	1	93
103	23	32
103	20	2
68	8	30
81	4	23
18	7	31
29	3	99
50	0	94
28	18	54
59	7	23
21	22	5
29	2	72
5	8	27
68	3	80
40	22	75
11	10	53
86	14	84
36	20	15
14	23	18
50	19	93
95	8	50
47	22	69
52	3	0
16	23	31
90	10	29
8	0	86
83	24	50
6	5	54
67	23	26
38	8	99
37	0	13
90	20	7
59	20	10
37	8	95
5	15	98
13	20	9
98	15	90
17	8	98
7	19	3
96	8	56
44	19	50
98	15	74
72	21	55
71	7	31
86	22	81
99	15	80
90	23	34
48	24	18
32	7	92
95	23	37
64	19	62
60	7	35
50	10	30
60	7	84
23	20	38
38	8	65
36	13	33
62	1	48
85	8	40
66	15	90
38	24	82
101	5	96
19	4	21
72	3	31
22	23	82
27	22	55
73	15	103
56	7	92
91	20	16
52	22	101
77	10	48
33	23	49
31	2	95
27	2	53
66	3	95
59	19	44
79	24	38
83	7	28
22	8	17
57	18	32
13	13	35
34	24	10
17	8	36
65	9	30
96	23	45
21	22	73
83	8	36
69	19	43
59	7	97
18	24	15
66	8	38
31	3	99
37	21	91
49	7	103
91	21	86
92	22	73
13	13	0
43	24	34
102	0	38
100	2	84
87	18	47
96	4	43
75	12	4
28	20	17
54	10	49
52	7	19
96	7	44
97	24	30
96	22	97
66	9	27
31	21	67
15	13	37
10	19	95
31	21	57
49	3	0
58	18	89
14	9	95
14	8	87
62	14	56
3	10	16
8	19	35
16	8	66
16	22	52
85	8	65
16	3	8
73	20	60
98	1	69
57	19	50
102	0	79
44	8	53
89	19	18
34	20	47
92	9	41
67	7	46
41	8	16
61	8	90
25	10	77
18	7	36
33	10	11
72	23	8
34	5	103
82	0	83
19	9	61
89	14	58
23	23	18
42	4	12
90	23	33
71	12	87
58	10	7
92	19	69
58	10	60
10	8	67
64	3	45
32	2	83
46	20	48
55	15	65
51	8	63
23	20	8
94	14	73
72	15	90
49	8	6
86	22	65
13	7	43
65	23	26
94	4	44
11	23	41
33	5	103
10	7	45
62	3	44
13	0	102
7	3	66
90	5	4
27	8	87
43	8	58
41	1	81
4	18	35
83	8	103
45	2	75
19	10	70
60	7	87
40	1	60
33	22	55
26	19	0
93	3	71
52	12	74
60	23	9
9	7	38
83	8	46
88	9	2
27	0	43
13	5	52
1	8	63
28	24	21
73	21	65
5	1	0
81	10	1
19	1	65
46	21	70
71	8	97
97	20	16
41	5	91
8	19	80
77	15	90
77	3	96
1	3	67
72	20	15
92	22	67
92	14	96
56	1	79
9	9	66
51	18	85
83	18	35
48	12	100
88	5	57
23	24	21
69	8	75
44	8	27
81	8	75
100	0	18
51	8	28
55	9	8
43	9	103
26	7	92
69	24	38
2	24	93
49	19	45
53	7	45
33	13	36
16	12	38
14	4	39
88	2	56
13	8	69
72	4	10
76	9	12
92	24	28
102	22	87
68	4	82
81	4	10
47	13	93
94	23	40
99	15	74
75	15	3
62	8	63
103	14	92
32	1	56
28	2	6
50	10	33
69	24	7
25	1	62
88	23	60
101	20	82
91	23	49
62	5	94
95	3	96
3	21	79
102	8	36
13	13	71
79	7	3
49	19	26
91	19	22
40	21	62
97	19	78
70	23	10
71	7	19
62	3	67
85	3	83
5	12	44
37	21	63
64	24	12
43	0	9
1	7	77
71	7	72
94	20	14
62	18	26
14	0	9
18	24	93
90	3	42
21	19	46
7	7	73
62	24	15
69	19	97
95	21	57
40	22	79
13	7	91
15	10	7
63	7	47
28	7	4
27	19	65
26	8	65
31	10	90
54	7	67
91	3	92
72	3	65
61	8	70
98	7	44
5	18	85
6	8	70
22	7	73
100	3	44
75	22	72
85	18	100
0	8	53
53	12	43
85	8	96
7	23	26
9	7	88
24	10	25
49	9	56
23	20	13
46	10	49
60	10	62
65	9	14
72	3	41
23	24	20
59	5	52
9	19	31
3	8	15
41	19	14
5	10	29
99	21	51
56	9	71
71	12	42
87	5	64
40	10	90
42	4	17
70	4	17
86	3	37
52	10	22
52	4	11
17	8	77
94	0	64
82	8	72
20	2	63
10	7	75
43	8	1
101	8	71
52	7	96
53	23	2
2	10	60
2	8	97
80	15	65
4	20	23
20	3	33
94	19	2
65	7	70
85	18	25
80	8	9
26	22	69
50	8	103
24	10	73
23	0	9
35	10	29
44	2	74
100	19	8
84	1	57
27	3	23
46	10	1
57	23	13
75	14	58
42	2	74
89	3	102
32	23	39
15	9	88
31	21	51
70	23	20
4	5	80
94	19	57
39	2	78
81	23	21
33	23	18
99	23	47
0	13	47
89	21	63
29	10	90
84	5	83
31	5	6
21	5	96
15	24	49
100	5	83
82	0	94
24	23	26
80	1	15
51	24	49
35	20	60
15	10	69
103	14	3
87	21	54
76	14	59
65	8	94
47	2	89
17	3	86
60	1	41
90	18	85
34	21	56
25	10	95
46	18	63
70	2	74
99	2	103
17	3	12
25	5	64
60	8	75
13	9	84
57	0	100
59	15	53
4	19	1
79	24	82
16	7	97
39	23	50
96	15	90
20	5	78
1	7	96
11	0	4
4	21	6
34	3	28
64	24	13
98	8	82
26	22	72
54	8	83
65	7	5
71	19	45
19	23	82
18	0	100
86	14	70
80	3	48
60	19	97
25	10	98
11	8	7
26	19	93
71	8	23
52	10	60
56	9	49
65	7	44
49	3	55
55	14	85
0	7	36
21	24	33
87	24	49
84	22	61
37	22	54
94	23	41
8	0	37
96	2	78
97	21	75
79	19	49
22	13	27
98	3	24
64	22	87
93	7	103
60	19	92
44	23	14
60	23	47
11	6	1
71	19	94
99	15	5
75	9	49
5	21	78
62	1	25
8	14	60
60	8	50
36	8	8
27	0	97
7	5	53
41	19	27
54	23	33
96	2	99
4	20	28
33	24	27
26	19	58
22	7	5
0	3	2
22	20	71
62	7	98
102	18	57
34	10	64
38	2	56
73	18	89
50	13	18
72	20	71
101	8	62
100	21	77
81	3	22
97	19	7
86	22	77
94	0	47
18	2	58
67	18	47
73	23	28
94	0	88
64	22	66
88	24	13
93	2	52
12	7	97
94	20	21
102	19	0
17	3	83
66	3	69
44	19	45
60	3	65
26	19	52
19	1	46
58	7	98
29	4	34
62	1	5
6	8	42
98	15	80
3	9	24
98	4	34
77	4	34
40	10	51
55	24	49
103	19	10
97	18	54
69	7	70
66	8	102
91	22	73
26	13	25
59	3	47
93	8	63
99	8	4
33	23	0
66	9	21
17	3	47
49	10	69
6	4	24
42	12	100
77	22	83
14	23	71
86	21	53
4	5	67
57	12	70
1	12	48
7	13	9
26	19	18
36	22	79
23	10	88
56	24	11
88	4	25
86	18	57
12	23	46
23	2	63
96	14	6
52	15	65
67	2	68
56	1	64
94	20	20
64	7	91
84	20	22
94	0	82
32	23	36
33	0	53
83	4	48
25	1	93
93	8	34
41	8	82
20	3	6
95	18	9
100	21	95
47	2	86
62	7	24
39	8	4
65	3	103
11	12	17
44	0	18
5	23	28
57	23	43
9	23	2
10	7	13
39	2	69
35	1	15
95	1	78
20	7	45
36	8	16
35	10	66
96	21	52
8	18	68
85	7	97
60	8	37
51	8	23
23	4	22
42	5	88
73	12	44
56	8	99
103	20	93
70	3	48
31	5	97
67	23	23
85	8	7
72	15	5
14	23	1
29	13	20
31	8	102
100	9	45
96	2	72
102	20	21
60	13	23
78	8	89
95	3	40
39	13	43
77	19	9
22	7	70
6	4	40
52	23	38
54	7	48
77	22	97
12	22	70
5	8	21
60	13	33
47	8	95
49	1	48
89	15	92
38	9	76
6	24	23
69	9	14
86	23	39
96	24	24
74	9	38
70	1	71
74	21	66
78	22	59
76	8	6
67	20	22
20	8	70
81	23	12
5	1	51
68	19	86
9	2	53
2	7	31
97	20	50
79	9	2
67	23	10
19	10	73
17	3	89
24	22	79
4	24	32
66	22	53
22	8	102
28	20	8
86	21	6
36	20	93
72	10	35
37	22	78
80	1	0
5	24	48
9	7	94
79	9	0
1	8	34
80	1	49
41	22	85
84	21	54
42	4	50
79	22	80
57	7	54
24	21	52
33	13	41
60	1	95
88	3	45
89	21	61
62	2	55
80	3	100
13	8	103
56	1	85
98	5	3
87	10	39
38	3	59
31	19	27
103	15	73
81	10	93
13	3	83
89	2	83
61	10	16
14	8	70
95	18	101
49	19	79
100	14	89
63	10	11
33	21	83
73	1	0
82	13	0
15	19	64
27	22	100
82	3	38
101	23	35
46	19	27
22	23	30
26	8	96
14	22	55
63	8	100
99	22	3
88	5	74
64	8	98
18	8	21
61	8	44
100	18	82
99	5	63
39	2	81
64	14	76
64	24	17
57	18	17
65	19	27
28	22	100
43	22	80
50	19	58
65	23	32
77	20	1
103	8	14
1	19	45
68	19	4
35	10	24
54	3	81
85	22	66
17	3	75
74	3	100
6	2	92
71	18	59
52	3	93
64	8	103
96	2	69
48	5	59
83	18	15
13	3	88
59	23	25
52	5	4
8	0	32
40	13	21
17	18	55
28	7	37
65	22	79
59	24	11
52	3	18
1	7	54
11	8	65
86	2	89
10	10	16
12	20	10
79	3	45
96	4	14
2	22	101
24	2	99
58	2	57
68	7	77
43	20	38
62	18	85
102	18	93
56	7	21
21	22	67
96	2	87
54	8	13
31	5	61
95	1	22
65	7	25
39	9	91
12	1	16
43	8	71
77	21	68
92	20	12
101	22	73
17	18	57
59	22	87
74	5	83
58	7	48
2	8	21
79	8	103
99	4	28
70	3	35
2	24	0
16	8	77
81	21	51
33	8	48
85	20	9
29	5	6
29	24	22
56	20	9
28	8	25
4	21	63
6	10	11
55	3	53
54	5	53
26	7	97
35	21	81
6	7	45
78	23	50
88	7	23
65	2	72
31	4	23
47	23	19
16	10	20
7	23	27
16	8	46
37	5	73
22	2	66
36	1	81
4	1	12
65	5	92
8	0	94
45	5	74
94	9	42
83	18	71
29	22	59
74	1	62
78	3	22
26	24	16
32	9	67
42	10	96
45	22	98
88	8	69
79	1	16
24	22	64
7	7	42
83	8	60
91	1	20
96	20	15
58	8	34
87	5	85
80	3	44
19	19	9
85	6	44
68	24	93
77	15	73
2	12	73
5	2	74
91	22	67
23	5	77
15	7	39
85	21	53
26	18	51
9	11	42
50	22	54
70	20	22
40	20	2
24	10	48
70	1	15
80	5	75
72	5	6
96	23	38
6	0	9
53	19	19
55	8	14
89	24	26
86	14	76
82	7	28
1	4	16
30	23	0
0	7	95
85	23	60
9	8	68
20	22	51
94	9	35
88	5	87
71	7	39
6	2	53
11	3	64
1	19	4
82	9	76
65	3	31
40	12	46
71	12	84
8	0	85
68	23	27
41	23	37
42	1	55
15	4	16
43	1	61
35	23	30
90	5	59
52	7	31
21	19	7
50	8	22
99	22	88
40	22	94
24	2	96
100	23	10
12	9	80
74	3	42
93	3	87
89	1	8
79	3	32
29	13	43
75	9	1
33	2	97
64	23	25
92	22	70
58	7	19
92	9	24
48	2	67
77	5	53
76	22	63
92	7	102
18	19	45
103	22	64
54	12	77
54	7	35
55	0	100
92	0	27
63	8	73
88	5	62
102	21	61
50	10	61
37	22	96
74	5	59
87	24	18
25	18	56
31	8	16
70	1	62
72	8	45
43	19	69
29	20	93
27	3	30
3	23	35
88	7	101
88	15	61
45	24	13
20	7	32
94	19	68
59	22	90
5	23	34
81	5	63
63	18	46
34	5	78
53	15	59
28	2	61
93	8	21
61	8	87
36	21	87
23	6	24
42	20	22
20	21	56
103	22	97
94	5	84
7	12	31
15	7	72
63	10	26
83	24	16
22	8	75
21	20	50
35	23	14
10	9	78
51	3	18
81	14	61
6	5	81
94	0	13
73	9	50
34	7	37
78	21	62
94	18	51
100	21	96
16	8	98
52	12	90
2	13	82
49	8	61
48	8	97
45	24	32
64	3	86
96	8	8
10	4	19
71	7	100
33	20	13
73	1	55
48	10	31
51	18	79
14	23	24
2	24	1
6	18	60
23	13	39
15	3	76
53	5	77
21	22	90
97	23	2
44	0	68
9	3	20
71	8	30
86	2	83
27	22	62
34	22	87
5	15	66
39	7	44
89	14	70
69	8	89
48	4	17
42	1	71
86	22	95
17	1	82
44	22	97
93	9	56
24	4	33
95	20	49
86	22	103
99	4	34
27	23	35
92	8	57
1	10	60
9	4	60
1	9	89
43	20	45
53	12	92
1	7	66
13	23	7
26	9	76
39	24	36
42	18	89
37	21	61
24	21	55
8	3	17
58	18	22
95	8	82
95	21	62
88	23	46
44	23	23
77	21	55
7	7	25
37	19	68
27	7	26
49	19	85
99	21	55
32	2	64
93	23	43
20	19	98
89	14	100
67	5	59
78	7	67
17	7	14
45	2	59
3	0	9
57	8	21
1	9	83
4	23	36
102	18	58
59	22	66
8	22	96
97	23	18
21	20	8
26	13	48
95	20	2
53	8	70
50	7	92
28	2	92
73	5	86
46	10	93
15	22	92
64	8	22
94	19	71
25	8	101
36	2	95
4	0	82
87	23	8
34	20	13
29	7	44
2	19	75
71	12	76
42	20	7
72	23	11
78	21	51
92	1	61
76	8	91
83	8	81
48	21	81
18	1	73
9	23	0
12	24	13
79	19	1
88	9	0
81	7	74
93	8	27
29	4	21
43	2	6
42	10	24
20	1	97
58	18	102
80	9	82
88	7	14
22	8	85
30	22	68
76	3	74
6	4	31
74	22	61
14	7	94
27	19	39
44	2	57
95	3	31
63	22	1
56	1	4
103	2	78
21	24	23
6	18	7
43	23	42
64	19	55
41	3	77
24	2	72
2	7	22
24	10	74
78	7	80
12	9	76
84	23	33
98	1	54
18	24	71
5	22	63
26	20	14
103	2	66
89	2	75
71	8	61
78	4	23
93	10	78
44	20	24
3	7	37
87	8	21
49	10	7
41	1	54
22	5	53
80	2	90
59	8	69
21	22	58
99	4	33
0	12	76
94	24	26
93	13	47
4	15	53
21	23	49
74	1	49
15	9	83
67	23	27
55	3	76
100	0	15
2	2	52
46	8	64
91	21	59
30	22	52
88	22	54
89	1	13
21	1	61
103	22	88
31	20	1
72	3	36
87	18	56
83	8	29
36	9	101
20	10	89
91	23	48
11	23	29
20	18	65
7	7	48
1	9	75
43	24	23
33	20	8
80	20	19
94	20	10
70	10	36
32	8	103
13	3	85
69	8	85
83	4	42
17	18	52
53	8	76
91	1	61
43	10	16
29	9	101
61	15	59
12	5	62
74	8	92
94	14	90
21	23	42
39	13	34
5	10	41
74	19	8
12	7	92
40	1	66
26	20	10
68	7	69
69	21	51
31	1	46
61	1	21
66	4	14
14	8	48
45	23	40
30	9	81
67	5	4
24	10	42
30	9	77
0	12	74
70	23	45
93	19	85
93	13	13
49	8	63
84	3	44
102	24	26
55	24	15
97	23	48
19	4	10
26	8	29
60	7	25
15	12	25
9	19	24
14	3	30
20	20	38
50	8	69
15	3	93
28	5	65
75	20	10
79	19	52
50	2	85
97	22	52
69	5	63
5	1	49
64	3	85
20	7	47
3	14	75
98	20	49
60	10	58
67	23	30
28	20	47
84	15	96
10	22	51
74	1	57
79	8	72
8	7	33
51	12	70
94	19	93
61	22	62
15	8	30
99	1	54
40	8	8
15	8	91
54	18	27
49	10	65
102	23	35
63	23	71
69	20	0
83	18	51
2	8	28
64	24	82
64	10	34
70	15	96
41	22	88
28	4	31
39	23	82
44	22	61
20	1	53
7	1	96
49	3	87
21	7	86
33	20	32
2	12	42
14	8	73
93	8	97
23	10	11
9	0	101
32	24	47
48	1	15
12	3	45
61	1	9
64	24	11
103	8	37
56	19	70
38	8	103
8	7	27
61	23	15
91	21	56
54	7	25
82	12	45
95	23	17
47	18	57
26	8	99
33	24	21
58	22	3
64	22	54
37	22	69
59	7	28
48	8	91
46	23	50
55	7	36
20	6	39
52	18	26
102	20	30
16	12	79
102	0	13
71	10	46
10	23	93
22	21	55
97	23	71
97	21	64
94	19	58
99	22	101
71	7	41
35	1	49
81	21	52
45	20	23
102	20	23
23	22	58
59	23	35
49	4	82
74	2	70
95	3	36
32	23	24
76	4	45
86	5	87
26	20	27
100	14	88
86	22	66
11	0	47
12	7	20
52	19	50
7	23	16
94	24	37
18	19	32
88	0	94
58	12	80
39	1	46
20	23	2
92	20	32
15	3	1
74	20	22
1	13	12
98	22	85
61	7	26
86	7	43
20	7	83
93	19	86
55	18	94
62	7	66
83	24	12
42	24	18
42	18	26
101	2	91
40	3	24
12	23	41
34	8	5
93	3	2
81	4	34
89	19	0
91	21	83
48	5	88
81	20	71
6	15	79
53	8	15
58	12	5
53	8	93
8	3	47
86	2	64
78	23	12
12	24	38
2	7	78
18	3	25
87	7	98
23	9	95
88	8	22
11	9	70
41	22	79
58	7	103
78	22	79
8	7	61
74	5	79
47	13	15
13	10	53
81	4	9
51	7	69
55	14	56
36	3	29
34	13	60
67	3	48
93	8	9
65	22	89
40	21	76
75	23	22
18	8	23
54	3	65
2	2	51
41	5	6
44	0	52
21	7	32
80	1	51
89	14	57
74	15	95
35	3	42
30	9	99
62	3	0
57	22	53
41	21	55
94	20	43
11	18	67
0	7	19
59	8	78
20	20	8
56	8	96
80	10	24
64	19	15
61	3	20
35	10	95
75	3	86
93	22	101
76	9	38
66	21	62
24	13	43
11	3	13
44	21	69
93	10	7
88	20	27
3	22	55
8	8	81
98	3	39
103	21	58
33	7	37
91	23	1
58	12	73
101	22	68
7	8	88
12	23	7
73	7	46
43	9	95
51	9	8
96	15	80
100	9	26
45	13	42
42	20	60
85	8	103
100	0	2
93	4	82
102	22	65
72	3	77
35	23	23
51	7	77
38	10	61
75	3	89
64	0	37
78	23	8
79	15	6
41	8	4
89	22	72
72	20	1
24	20	71
49	8	10
86	19	15
81	7	25
4	8	46
45	5	100
59	7	3
82	9	100
68	7	96
4	23	31
78	22	94
43	20	32
49	8	30
65	7	35
93	9	89
15	3	87
48	10	77
31	20	18
9	23	49
42	2	84
1	3	68
76	9	13
78	7	84
69	5	53
63	5	96
69	7	44
74	5	85
55	8	34
67	23	32
1	12	80
61	24	27
59	10	20
78	21	55
27	3	21
11	3	79
87	18	82
70	5	89
37	13	49
103	8	4
103	15	80
98	1	65
38	0	4
100	21	66
50	5	67
41	13	43
60	1	31
102	21	101
72	20	2
37	5	5
79	10	30
23	5	103
61	23	2
31	19	9
99	24	22
15	3	18
48	4	13
48	1	2
72	8	37
103	24	31
81	12	36
20	18	72
6	23	93
4	1	47
21	5	66
33	10	64
93	7	24
13	3	47
72	3	103
78	10	49
89	3	45
27	7	50
34	8	70
77	15	70
50	8	99
38	22	90
79	20	27
34	8	84
50	2	86
41	8	11
68	2	57
3	8	44
86	22	69
62	8	61
30	4	19
2	8	14
99	24	31
77	12	46
100	1	58
103	22	6
35	4	17
98	4	43
65	23	8
31	7	44
47	24	32
97	20	45
46	22	83
54	12	29
64	10	28
46	1	77
16	8	99
28	22	52
16	22	95
0	19	45
40	8	102
21	23	93
1	10	69
7	8	102
66	1	40
46	10	55
46	0	69
21	22	68
66	20	0
60	22	83
70	1	55
35	8	97
85	22	54
53	8	35
99	20	49
12	22	73
65	3	29
91	0	10
87	9	12
24	8	4
62	3	68
36	13	23
102	1	11
99	24	24
89	15	101
25	2	70
7	8	75
98	22	75
45	18	55
33	8	80
57	3	0
59	22	55
96	20	0
95	3	41
8	11	29
87	23	45
17	7	34
101	21	64
74	8	101
22	4	33
99	4	30
28	8	73
59	24	13
7	7	18
9	23	15
29	2	65
24	21	68
79	19	58
75	21	61
46	23	47
87	2	57
53	3	63
21	22	57
92	8	51
44	21	66
81	23	28
25	1	55
32	22	81
48	8	43
91	20	50
59	23	60
60	23	16
56	8	65
51	12	84
96	22	94
21	9	98
84	4	37
39	20	2
90	1	0
100	8	53
8	8	65
44	1	70
75	2	64
28	22	74
71	19	4
80	2	67
88	7	91
1	7	95
40	21	67
22	8	89
75	8	36
57	1	25
15	10	54
87	1	71
100	1	25
37	19	71
75	10	28
96	23	17
46	8	56
69	8	4
24	22	86
36	13	34
19	7	44
99	20	93
10	3	33
26	22	66
57	7	31
47	24	38
77	24	19
33	5	77
88	19	43
14	8	74
67	1	51
25	20	22
64	14	68
1	24	49
11	24	82
94	14	76
14	24	10
82	10	6
18	3	48
20	5	69
99	22	56
11	8	19
79	23	60
34	20	38
36	8	12
31	7	100
97	21	88
17	22	78
44	22	3
43	19	7
63	8	70
94	15	53
65	22	59
32	24	16
70	21	78
73	1	2
19	23	13
7	1	95
18	8	30
33	2	91
62	23	12
72	20	18
12	13	15
1	8	97
84	10	41
40	22	88
27	7	75
34	13	39
59	8	40
11	8	60
29	2	69
4	19	49
0	8	20
5	19	8
3	8	52
24	23	45
51	3	52
36	13	43
26	18	57
74	23	0
9	7	59
48	5	83
96	23	26
52	8	10
25	4	12
33	20	16
55	3	52
24	22	88
18	2	55
41	4	33
67	23	9
2	8	6
0	7	77
88	5	55
40	3	39
74	2	67
32	18	57
5	10	36
96	20	18
96	15	74
78	4	34
52	24	15
61	24	38
90	10	39
81	22	94
42	5	59
92	8	49
25	3	90
21	4	29
68	3	84
37	20	28
63	7	83
5	8	91
4	22	98
35	9	86
6	21	88
73	5	79
57	10	46
20	3	21
63	8	35
83	18	67
44	21	77
91	22	70
87	7	40
51	7	78
54	12	103
91	22	80
20	10	17
62	5	88
15	3	0
52	4	82
47	7	33
3	14	77
94	23	36
66	8	26
43	24	14
11	13	2
85	8	99
85	2	59
69	15	76
57	8	61
9	23	44
71	13	11
3	24	14
82	12	75
95	22	59
78	23	13
30	8	42
88	9	49
36	21	76
35	10	39
26	8	103
97	8	0
68	7	41
53	7	85
37	22	66
63	14	54
49	13	47
76	1	0
36	13	21
23	2	92
80	1	1
72	8	4
28	23	93
19	8	79
46	21	68
7	9	6
67	7	98
23	5	65
22	24	19
65	7	42
56	0	37
96	1	54
101	21	85
53	8	74
44	0	1
15	2	57
94	22	96
22	24	60
93	2	55
67	10	39
20	6	22
5	18	32
97	5	99
44	22	101
36	10	70
27	19	41
35	23	20
58	5	94
3	20	50
63	22	69
28	8	42
20	20	82
41	5	97
2	7	103
103	24	40
1	7	39
80	22	61
90	22	53
19	10	25
69	23	21
95	19	14
22	2	69
62	8	10
48	1	62
64	7	97
87	2	58
75	5	67
100	23	9
39	22	64
78	24	19
59	24	17
38	22	54
53	7	86
22	19	91
7	3	22
99	22	97
87	23	37
78	7	90
46	21	5
50	2	59
8	2	56
22	13	10
12	24	17
88	5	52
52	1	48
72	23	12
44	5	4
85	18	58
45	20	30
35	10	72
74	3	80
25	10	40
34	7	94
21	21	79
69	22	94
50	9	73
94	22	66
37	18	58
86	23	40
12	8	103
68	2	51
64	22	80
22	19	3
24	22	85
19	22	6
82	13	35
18	19	37
17	23	25
20	7	4
79	8	22
87	9	17
57	14	83
25	10	72
80	22	63
6	8	35
71	24	93
100	20	41
4	22	66
42	10	19
5	10	19
64	8	78
69	5	6
81	3	24
90	8	3
59	7	33
93	2	62
42	1	93
17	8	99
82	7	101
29	4	28
60	1	96
68	8	10
68	7	103
86	22	96
7	22	89
84	6	32
5	10	39
50	10	34
35	8	43
89	9	35
28	22	62
27	0	101
56	1	89
102	22	74
9	21	98
61	1	3
79	18	51
6	7	32
28	13	39
42	18	32
20	8	62
25	9	83
2	22	3
6	22	68
82	3	13
23	7	102
26	23	41
76	15	81
27	7	89
47	13	0
19	22	59
45	21	63
84	21	78
63	22	55
73	1	51
91	22	84
85	5	67
43	8	57
21	21	89
76	15	78
66	3	22
33	8	84
50	23	41
98	15	84
64	14	61
82	8	22
86	23	60
7	8	13
10	24	27
74	5	64
11	9	73
74	23	23
13	5	62
26	9	70
84	3	100
78	0	46
57	3	18
92	22	68
22	19	101
45	18	57
46	1	40
52	7	29
38	4	35
103	23	11
20	10	37
50	8	96
31	10	42
91	22	74
80	23	27
33	3	34
15	3	55
23	23	44
30	13	7
46	18	6
101	20	38
57	18	86
36	23	32
98	3	77
35	2	90
33	22	62
77	8	45
33	20	12
74	2	87
38	3	88
75	10	33
32	22	96
63	7	17
51	22	53
8	21	53
74	15	103
45	24	17
38	8	40
9	7	47
32	13	48
5	1	62
3	8	18
45	23	22
68	3	35
61	19	40
86	20	23
63	7	89
93	9	75
97	2	91
70	3	87
100	9	13
85	24	16
32	8	46
100	9	12
1	7	65
68	3	90
3	18	66
55	1	25
92	19	60
15	4	11
52	8	63
10	23	71
103	15	74
103	9	21
27	7	38
67	9	13
10	22	57
71	8	9
22	23	26
10	7	89
56	8	39
15	19	50
63	22	68
59	24	38
78	3	31
39	24	40
8	13	49
13	24	8
34	23	15
95	3	98
5	18	47
13	13	2
22	3	31
18	10	54
18	7	65
32	0	8
78	3	81
8	7	43
27	3	33
59	24	82
41	8	12
19	8	83
80	22	53
15	12	42
76	8	33
66	3	98
49	22	3
25	21	54
17	3	13
93	2	51
46	5	101
74	2	68
50	22	98
71	7	95
43	21	59
77	21	57
28	20	82
35	10	77
24	22	89
70	10	41
31	10	35
32	3	37
5	15	95
4	21	61
11	22	77
57	3	1
101	20	12
100	0	0
94	2	85
34	21	88
60	13	14
56	7	14
99	8	102
61	18	31
19	24	60
54	18	91
21	22	84
21	5	69
68	14	64
4	18	42
1	8	30
32	8	40
19	4	14
29	24	36
50	9	51
91	8	44
65	24	60
61	2	64
86	19	93
64	8	95
68	8	3
36	22	89
22	24	7
51	7	54
57	7	81
90	23	9
68	7	95
68	22	61
80	10	31
5	4	38
80	24	18
50	13	0
17	21	61
94	22	99
16	23	71
62	0	100
97	22	58
93	19	79
14	7	85
58	8	91
91	19	69
4	18	85
14	7	86
53	8	73
68	3	73
68	15	65
25	8	3
63	22	81
53	0	14
23	21	83
2	24	71
72	15	74
34	8	42
51	3	55
68	8	14
95	10	48
88	8	36
83	7	101
96	10	42
56	9	2
19	23	8
35	2	70
59	22	67
4	15	97
20	19	46
96	9	33
64	23	7
15	8	27
32	23	22
94	21	6
95	5	91
91	19	78
73	4	12
87	8	43
27	7	47
62	1	90
84	1	51
23	5	99
60	8	45
13	3	12
80	1	58
52	8	28
23	1	101
3	22	68
5	15	96
26	5	74
65	23	13
13	23	60
88	1	16
36	2	98
36	21	67
5	8	92
55	8	23
57	15	65
56	8	41
4	0	11
34	24	23
88	24	38
13	24	17
37	0	50
80	23	14
28	10	79
71	22	92
23	23	49
36	13	28
68	8	34
77	23	26
21	5	81
40	22	85
12	3	47
57	12	74
3	1	61
2	12	80
27	7	45
24	23	11
68	23	13
7	12	41
47	7	34
43	21	64
28	7	86
40	2	55
33	9	95
74	5	88
6	20	17
70	19	8
56	7	27
76	3	84
39	24	29
0	12	48
96	5	92
61	14	96
18	24	49
3	19	7
20	2	61
32	9	73
70	18	26
97	24	34
59	8	19
90	24	25
77	2	72
3	0	10
22	8	43
82	7	92
23	13	7
10	13	22
47	18	51
24	10	80
5	18	26
97	22	67
77	24	29
67	18	11
43	9	99
81	22	88
40	3	103
53	23	7
68	4	11
76	7	72
24	2	65
10	3	34
54	12	31
88	8	98
19	8	86
78	23	28
0	13	12
90	10	24
33	1	101
57	5	4
91	24	23
103	3	99
64	15	6
100	8	97
61	21	56
86	19	49
82	22	103
76	2	55
12	8	81
34	8	25
90	12	100
50	13	71
65	12	95
69	21	55
89	8	96
55	18	81
1	7	72
52	3	58
26	8	77
41	3	96
56	3	8
50	0	4
63	3	6
83	2	85
33	7	94
2	7	39
101	19	7
6	23	2
38	7	21
14	21	79
38	22	73
64	22	73
85	5	87
77	1	7
88	0	37
60	19	91
30	9	69
64	8	29
60	8	89
67	2	58
99	21	62
52	8	34
49	7	98
35	9	85
44	20	41
87	1	51
93	3	67
44	21	65
43	19	81
32	18	55
11	10	27
17	22	80
57	3	68
74	2	90
101	19	78
50	5	5
23	2	3
43	8	100
13	3	79
79	2	59
48	19	56
58	18	26
44	8	63
84	1	55
15	13	38
84	10	39
69	23	47
34	21	83
37	24	45
21	2	3
89	2	85
32	24	38
2	24	49
5	18	83
101	20	47
80	5	89
52	7	36
46	4	43
78	15	76
92	14	77
96	12	46
61	14	95
53	10	11
0	9	79
43	20	82
85	3	75
61	7	85
19	23	45
74	9	13
78	3	29
47	2	94
84	23	28
51	7	96
7	22	86
38	5	58
37	13	93
24	9	101
16	7	21
98	23	50
34	8	80
12	22	54
5	5	59
92	7	37
80	8	11
50	19	55
33	10	82
55	7	24
46	20	42
63	3	33
81	21	55
15	8	63
46	19	34
68	9	16
96	15	100
18	3	87
0	8	6
5	5	4
45	22	66
91	23	2
24	20	15
18	7	46
55	7	66
45	21	53
66	23	23
45	20	28
50	10	23
75	10	43
20	8	90
83	3	75
67	1	2
15	3	62
31	4	21
81	3	31
52	8	61
19	24	22
38	9	87
0	8	61
67	7	36
89	1	56
66	3	77
22	10	44
19	21	62
60	10	49
98	5	101
55	1	74
84	8	101
26	22	78
72	20	0
34	19	46
51	12	35
5	2	73
18	7	95
4	22	77
102	23	44
80	19	8
101	22	90
90	1	55
83	24	26
35	23	34
86	20	9
17	10	20
44	5	89
64	19	49
25	13	82
21	24	28
36	22	64
58	24	15
22	7	80
25	3	5
5	23	45
80	2	70
40	3	29
36	18	53
69	8	17
93	19	32
36	20	49
97	21	85
68	24	0
40	23	17
102	21	91
59	8	81
67	24	35
35	10	40
59	15	61
64	23	46
61	3	30
20	9	99
66	15	73
72	14	92
8	5	76
49	10	60
79	3	86
48	10	103
27	0	91
23	22	68
77	2	98
75	20	14
23	22	62
101	8	2
56	9	0
49	22	101
47	23	7
21	23	44
56	8	46
97	4	46
19	7	87
22	5	6
17	18	62
1	12	84
59	9	49
40	3	31
73	18	4
40	10	48
66	20	1
76	24	71
32	22	66
83	18	73
93	8	61
71	12	48
13	7	21
58	2	51
98	19	9
74	3	44
77	19	27
3	24	23
88	9	71
100	21	78
35	8	3
87	24	1
20	18	54
8	23	39
73	8	97
27	9	81
91	2	6
30	24	10
28	7	32
80	23	10
19	8	94
74	18	56
86	21	63
90	5	89
12	23	35
1	12	74
33	24	30
72	21	51
50	4	35
62	1	42
62	7	103
70	1	58
54	8	59
97	19	19
8	5	87
57	7	72
67	24	15
39	20	93
50	10	28
103	22	59
59	3	85
102	8	40
27	23	2
8	19	73
93	1	73
96	23	82
101	8	100
33	20	47
91	4	29
95	19	27
34	18	54
92	21	64
47	8	77
22	22	64
31	23	82
63	8	48
73	15	77
2	8	23
27	19	29
50	10	6
0	7	99
98	23	32
15	8	61
67	7	29
75	23	19
97	21	89
7	23	45
100	10	46
93	19	64
101	5	65
39	21	51
45	24	16
40	23	38
15	0	44
31	24	22
11	10	6
82	23	29
25	2	68
102	18	55
45	8	19
67	24	93
25	1	15
76	7	103
18	3	67
44	1	42
35	3	67
28	23	0
20	18	66
54	7	5
61	1	101
81	8	26
69	2	54
76	4	32
49	12	74
42	8	97
43	8	0
37	8	40
41	3	40
69	23	1
55	3	68
20	5	96
56	8	54
26	10	63
33	23	15
52	7	78
103	2	81
86	20	34
91	24	30
96	21	68
90	19	56
103	21	51
74	15	77
79	22	67
33	5	78
46	0	60
46	22	75
31	1	54
32	23	19
2	0	44
70	23	30
88	24	17
72	18	9
8	18	55
67	20	19
39	20	49
38	13	1
41	10	80
101	10	8
3	14	96
38	8	31
77	15	87
31	22	79
72	3	69
94	20	23
55	5	59
40	10	5
64	15	53
53	10	38
32	24	26
58	8	33
12	5	58
88	9	93
46	21	76
95	1	54
73	18	16
7	13	10
54	10	71
2	9	64
62	5	64
99	15	67
35	5	59
42	19	8
57	3	52
57	8	97
66	3	36
5	23	30
89	8	40
85	23	22
70	19	56
75	7	91
82	22	95
87	23	27
29	21	62
70	1	93
32	22	99
69	21	68
42	24	35
13	1	89
56	3	12
95	18	3
18	24	0
68	8	6
40	9	3
78	20	71
102	19	68
30	10	79
67	8	92
16	24	11
5	1	55
41	24	19
79	23	7
17	13	18
31	10	48
97	8	51
45	3	102
38	20	9
41	2	66
43	20	11
40	20	15
81	21	62
88	7	3
32	2	85
80	15	77
44	5	85
82	3	88
1	12	90
91	23	15
32	2	88
99	20	2
61	24	10
35	10	96
43	22	5
22	20	18
69	23	8
17	24	8
35	1	57
65	3	24
81	10	49
38	12	75
17	19	1
12	13	18
21	4	22
101	8	57
89	2	88
46	21	80
67	2	55
51	3	62
13	3	50
45	24	38
14	9	65
102	0	56
2	13	13
33	10	89
85	3	4
90	24	18
65	9	23
72	10	25
85	24	38
20	3	30
52	12	73
13	5	57
10	22	58
95	20	0
16	3	85
76	22	53
6	3	28
32	7	33
12	7	6
91	22	55
89	9	25
33	24	28
102	23	60
45	3	37
34	22	51
90	22	62
74	8	91
24	23	17
22	13	14
28	4	19
88	22	65
97	20	8
38	10	53
7	12	36
6	23	15
58	14	83
88	3	89
103	21	68
36	7	0
55	3	71
9	0	91
55	1	90
40	10	42
49	3	71
66	7	87
79	23	19
15	19	4
61	23	49
89	2	64
24	1	46
89	10	43
30	9	95
94	22	72
68	8	92
10	19	31
50	8	31
87	8	3
63	7	79
19	9	92
13	24	11
81	22	64
71	12	80
41	8	94
7	13	30
16	22	72
76	19	56
37	10	53
37	5	87
37	21	92
103	21	87
30	24	21
98	20	15
55	8	92
65	9	10
48	23	28
45	22	99
22	4	21
75	9	15
60	10	71
18	24	1
75	5	51
15	10	22
20	7	86
84	15	95
66	3	103
60	7	42
52	3	76
17	7	30
86	7	97
42	21	54
55	10	7
0	19	86
3	9	41
86	19	18
87	24	93
19	19	91
76	14	79
36	10	74
27	8	84
43	24	33
43	13	31
65	9	33
95	22	75
103	22	85
8	8	103
52	7	40
87	15	77
89	1	50
8	19	25
76	7	29
12	22	90
30	5	98
48	1	52
20	21	88
79	1	8
92	8	100
11	12	89
11	13	48
90	8	92
11	8	78
44	8	10
66	8	75
4	1	50
84	18	56
17	22	66
100	20	29
36	8	102
48	2	84
69	2	66
103	20	1
66	1	96
5	19	56
56	14	51
37	2	89
31	4	14
16	5	51
84	3	48
0	3	71
87	7	24
48	13	82
1	13	47
75	21	63
65	15	62
72	5	61
94	5	67
55	8	21
94	20	30
12	9	84
34	2	61
12	7	43
1	3	2
4	23	19
15	13	8
46	1	95
92	20	50
2	12	84
44	5	94
88	5	5
10	19	24
87	23	28
40	4	28
4	20	27
45	2	85
79	15	61
80	3	5
28	5	99
66	8	32
31	2	69
59	3	79
8	3	59
101	8	51
65	14	6
63	7	13
92	14	98
40	8	16
99	24	36
76	7	99
14	21	75
30	10	50
52	18	8
89	8	103
5	5	102
76	2	5
31	9	101
102	20	10
61	22	72
100	22	6
91	21	88
93	22	3
74	4	45
5	24	18
16	22	54
85	7	91
92	22	5
98	21	57
25	2	100
40	1	22
72	20	49
44	21	81
91	5	77
43	23	35
73	5	59
45	24	12
91	23	71
60	7	48
93	7	98
50	24	32
44	1	67
68	18	75
44	10	40
19	10	90
24	23	47
3	21	56
30	7	86
45	18	52
13	7	92
46	1	36
32	24	17
6	24	27
57	7	66
68	19	45
31	2	81
23	8	25
46	21	100
17	7	3
27	23	25
73	4	17
63	8	76
95	4	34
9	0	14
25	1	49
69	8	26
25	8	92
19	21	68
73	10	41
2	13	38
2	8	53
32	7	30
12	13	2
101	24	43
65	21	52
10	3	28
84	15	98
6	20	16
66	3	19
44	5	102
85	8	46
89	14	73
45	0	8
2	22	92
101	8	44
54	3	78
82	3	79
76	7	40
6	5	66
77	23	47
18	7	96
76	12	100
86	20	30
89	9	48
57	1	48
96	2	81
77	2	65
70	5	39
98	2	95
77	2	103
32	7	101
90	5	102
7	23	82
86	3	102
101	23	46
61	14	69
66	3	29
82	9	51
65	12	41
52	8	30
51	7	36
67	1	71
76	8	14
55	7	41
13	9	67
10	5	66
87	7	29
70	18	83
93	1	35
89	5	90
56	18	84
100	2	74
47	8	39
34	6	24
101	24	20
43	21	94
64	22	74
22	23	8
75	2	85
29	20	1
0	19	102
75	22	65
42	9	4
30	7	102
70	3	90
78	8	37
52	2	62
31	10	74
11	18	87
94	5	74
78	7	74
62	8	97
60	1	103
25	9	85
71	0	44
77	8	14
77	2	81
11	10	97
67	21	54
72	3	24
4	1	79
55	7	99
16	10	9
4	19	18
65	15	68
8	13	0
37	4	44
13	22	95
95	9	20
32	10	53
39	21	52
4	8	60
26	1	56
88	8	99
86	3	94
101	18	54
40	3	78
15	3	68
74	5	4
19	23	12
80	10	41
1	17	37
90	23	20
62	1	74
39	22	56
55	14	83
11	22	68
34	24	33
20	24	27
58	7	39
45	2	88
30	3	92
79	19	55
22	2	96
61	7	17
74	21	78
58	7	81
72	3	29
17	2	56
31	20	15
32	3	102
100	1	42
75	9	93
15	22	53
85	19	49
4	2	94
74	3	48
33	5	81
9	7	79
30	8	5
3	21	88
79	21	63
48	1	71
25	22	61
102	20	27
82	12	86
41	8	50
81	8	16
44	1	5
31	2	78
75	8	99
67	3	87
16	23	41
89	9	1
30	24	23
55	8	91
6	8	67
16	3	32
94	14	5
74	9	82
32	8	98
19	20	93
4	1	64
51	10	7
39	9	97
19	8	32
51	3	0
57	12	80
4	2	102
32	20	14
15	12	73
29	21	67
97	24	23
96	23	37
15	23	20
62	1	35
61	8	5
15	19	94
8	7	23
73	1	71
81	8	86
64	12	4
77	22	59
58	2	55
34	23	2
21	4	36
48	21	54
93	8	14
35	9	89
29	20	49
6	23	1
9	23	93
48	10	72
5	23	37
62	1	84
34	5	81
33	20	26
77	19	10
17	7	23
100	23	20
40	21	57
65	23	38
64	19	52
10	7	86
57	4	16
25	23	9
94	9	48
81	20	2
24	5	91
51	18	59
102	24	37
78	22	56
33	22	51
88	22	66
86	23	36
52	10	46
62	23	20
81	8	4
6	5	78
67	7	40
3	8	49
26	20	20
15	10	60
7	8	50
70	4	12
12	2	56
38	3	47
56	3	83
42	10	77
8	20	9
73	8	43
11	13	0
48	22	61
53	0	30
69	7	48
85	22	81
49	2	51
99	21	57
40	2	65
60	8	32
10	7	17
10	8	80
4	20	30
19	2	78
96	22	91
73	21	78
48	5	89
81	2	66
21	7	45
74	1	51
4	19	68
43	22	68
54	12	40
61	3	28
37	0	64
33	2	92
27	19	98
39	1	54
28	7	94
86	3	4
92	14	72
4	8	7
24	10	35
94	1	16
47	22	78
70	5	4
57	8	34
8	7	30
0	23	43
24	5	97
85	24	12
20	8	15
10	8	90
38	24	12
65	2	81
82	13	2
10	7	4
63	7	102
63	22	57
49	8	23
6	2	3
94	9	25
9	13	7
60	8	85
27	19	4
7	0	46
94	15	97
56	19	90
34	9	95
99	15	73
37	13	1
95	10	35
22	3	37
76	18	37
70	3	42
47	7	30
40	8	82
26	8	31
26	18	62
28	21	83
32	19	18
92	22	90
45	20	33
25	21	81
73	3	42
64	1	16
76	15	69
21	20	38
65	3	99
73	5	64
32	3	4
52	12	70
66	22	6
12	7	3
62	3	87
16	7	30
94	0	50
13	9	87
57	23	20
62	7	40
48	7	46
0	8	23
23	4	19
88	8	78
84	3	76
74	24	25
16	22	74
33	24	10
97	4	29
67	7	24
45	23	29
90	23	45
64	22	90
78	8	4
72	9	21
29	8	37
14	2	6
95	21	68
29	21	57
50	7	14
92	18	66
93	4	11
24	23	50
33	21	85
84	20	7
25	10	39
90	3	5
38	8	29
99	8	86
61	10	12
78	10	93
68	15	54
25	22	6
65	9	34
48	3	5
36	1	7
11	23	31
69	3	22
9	9	72
66	8	79
77	22	91
10	19	40
88	7	20
22	10	1
5	5	75
68	7	72
22	22	88
88	3	47
83	8	77
58	7	54
61	20	11
92	21	56
87	22	6
87	23	23
33	22	52
82	19	44
10	22	68
84	8	21
82	22	96
50	9	100
6	7	102
62	8	6
84	1	62
46	19	14
83	8	96
74	22	6
82	6	93
4	20	34
68	18	56
5	1	93
77	15	67
16	12	50
72	5	53
60	19	21
63	23	41
62	10	7
76	9	17
42	18	47
38	22	70
55	18	86
85	20	20
29	23	26
86	23	29
50	7	43
7	7	70
63	8	42
100	8	91
45	5	80
2	10	54
52	22	59
76	24	93
59	9	93
9	19	96
102	19	2
94	23	39
94	23	19
2	9	59
9	13	36
65	18	91
71	10	7
16	18	48
63	5	66
38	8	98
102	2	89
77	23	8
64	22	100
55	4	11
23	8	74
90	12	44
66	15	5
56	7	10
51	23	21
93	24	0
60	3	69
54	7	84
17	7	101
50	19	44
16	12	75
71	18	64
92	21	79
3	8	93
97	10	11
51	7	98
62	8	14
46	8	11
3	22	74
41	3	39
65	18	97
25	10	41
66	8	47
92	24	30
50	13	2
38	22	95
26	20	28
68	8	97
75	8	29
71	2	62
85	21	61
80	8	97
57	18	45
39	21	76
3	14	95
17	23	60
16	23	40
70	5	88
4	19	52
77	20	15
48	13	16
45	5	5
73	4	13
62	22	101
66	8	64
40	23	37
76	24	2
22	4	28
30	5	66
30	7	32
76	7	96
55	3	67
31	9	3
7	19	43
5	12	100
83	7	30
49	0	44
33	2	61
15	12	70
41	22	83
4	23	29
103	8	94
65	20	71
27	3	20
103	22	56
95	8	13
82	10	27
71	7	103
54	3	69
98	4	28
83	18	87
38	9	55
85	20	27
3	20	82
37	5	76
39	10	42
88	5	68
55	10	46
72	4	34
70	8	92
43	10	89
55	7	40
39	21	62
40	20	0
50	8	24
61	7	32
103	2	72
4	23	22
16	12	70
43	22	67
74	8	97
68	10	60
25	5	88
23	8	70
71	7	99
13	8	46
101	19	81
39	23	11
32	23	29
79	8	77
12	2	59
43	19	22
101	19	60
70	15	66
35	22	53
57	23	38
16	12	12
23	23	1
38	7	3
78	8	16
80	18	56
30	21	83
94	0	8
66	23	8
22	10	93
73	23	10
7	3	78
32	13	25
75	1	82
75	22	78
58	22	101
84	22	86
102	21	92
15	7	77
38	13	15
25	1	0
78	4	9
5	8	43
21	5	54
24	8	102
13	3	26
53	3	9
32	23	60
21	0	53
75	19	2
25	9	94
62	3	93
38	9	67
1	7	36
87	7	41
78	8	75
29	10	35
99	23	26
18	9	64
29	9	92
70	2	68
50	24	45
8	18	57
19	8	102
102	22	77
52	18	56
93	8	33
57	3	87
36	21	58
32	2	86
56	1	86
18	3	76
61	7	89
31	10	5
33	22	58
47	13	18
96	22	83
12	13	71
68	3	67
3	8	100
11	9	76
102	24	32
49	9	89
73	19	56
57	22	59
37	0	38
13	8	65
41	23	32
2	7	41
45	19	93
31	22	59
63	23	2
66	10	35
21	22	80
56	8	31
79	7	91
88	2	64
92	8	2
26	8	39
39	9	3
63	5	103
89	22	69
84	5	59
50	19	52
40	5	91
16	0	89
88	23	19
22	8	83
70	10	19
4	21	3
9	10	89
51	9	38
31	8	37
4	5	100
71	8	14
97	7	102
72	23	50
78	19	97
49	7	19
98	22	56
91	18	54
12	3	50
21	23	15
41	3	99
17	3	64
52	18	85
0	8	14
67	5	79
67	5	89
67	12	44
88	2	59
54	15	68
59	9	2
60	9	63
46	21	67
31	13	20
103	23	17
17	23	7
13	10	61
60	23	82
39	1	66
54	24	7
31	23	11
57	7	39
87	23	32
0	9	88
53	15	102
16	3	17
86	8	46
0	12	80
102	22	84
87	5	59
94	21	61
86	18	52
97	22	74
56	8	77
103	2	77
17	23	48
65	3	40
63	8	84
66	9	9
54	21	57
67	14	88
22	19	92
66	21	68
22	2	81
97	15	94
103	3	96
39	9	6
37	4	42
19	8	4
43	24	20
35	23	28
93	19	26
57	10	60
24	4	28
2	2	58
58	3	68
102	0	64
25	10	66
93	7	65
92	23	46
54	12	39
0	22	91
74	24	18
51	3	58
98	23	12
92	7	4
64	9	2
82	10	97
90	23	37
63	22	62
98	24	60
85	3	45
38	1	16
26	8	98
98	24	36
37	18	55
28	3	97
103	8	45
28	8	90
72	8	32
70	3	5
30	21	56
99	23	8
79	19	44
56	1	50
70	22	61
84	19	8
6	4	41
97	1	20
100	20	24
42	3	76
69	10	15
40	10	74
100	18	56
21	5	65
78	4	10
3	22	70
25	8	27
8	3	88
20	13	31
52	18	86
32	10	63
75	2	83
11	7	20
75	2	79
22	23	38
47	2	85
89	24	47
24	9	3
53	18	103
21	20	82
81	20	0
21	21	75
101	7	102
17	8	31
82	9	5
30	19	46
45	18	58
76	2	87
32	20	23
14	24	20
34	13	7
86	22	72
101	15	89
35	10	36
91	20	32
59	8	29
15	13	47
1	4	11
38	5	57
100	0	55
87	22	53
23	20	12
42	1	51
3	23	48
98	3	96
32	19	71
92	20	8
43	7	4
86	22	90
47	24	16
11	8	72
26	2	64
84	3	70
56	8	95
67	3	80
13	8	40
102	5	90
48	23	10
99	20	71
38	3	86
36	8	86
20	8	80
16	23	39
23	24	27
82	22	68
76	2	52
43	3	92
58	18	17
9	0	92
50	24	82
99	22	75
69	23	13
89	5	67
80	8	43
50	9	80
25	3	48
11	6	93
67	15	96
57	3	15
95	4	28
79	20	10
85	1	56
17	22	84
17	8	95
45	5	87
76	21	54
3	22	76
91	5	96
103	20	0
7	19	101
30	20	12
45	19	18
25	2	76
0	3	18
52	8	33
93	3	58
24	10	5
85	18	76
18	2	57
75	7	21
103	23	12
21	20	11
5	20	22
45	20	27
61	18	24
29	4	14
18	13	38
22	2	77
23	3	34
48	10	98
89	8	29
98	10	42
6	2	91
32	22	72
66	8	37
19	2	72
83	22	72
70	1	49
101	1	34
45	8	54
66	18	3
7	10	1
103	22	75
37	1	16
12	5	68
45	24	26
100	18	16
78	23	82
62	8	23
77	3	39
13	1	16
61	20	8
0	19	94
97	5	77
26	22	81
87	3	80
95	8	16
60	13	10
74	10	39
60	13	27
57	12	84
1	7	103
41	21	58
17	8	41
99	22	89
59	24	8
51	7	81
82	12	17
26	4	44
34	20	16
54	8	89
59	20	9
36	21	52
36	24	24
32	9	70
14	4	31
63	12	43
11	6	18
75	1	56
63	8	67
20	3	43
56	7	30
44	19	12
77	8	11
75	1	38
103	3	39
83	23	19
103	12	46
17	10	53
91	22	58
53	12	97
90	5	75
98	24	19
60	1	36
9	8	76
102	0	12
64	8	72
73	2	74
10	18	54
55	8	47
37	21	86
97	22	70
77	5	63
73	1	93
21	23	48
90	5	94
5	8	101
25	23	10
0	7	31
72	8	94
67	7	103
24	1	60
31	23	13
35	23	21
84	6	47
99	21	76
79	19	15
11	12	37
41	1	22
45	20	10
71	2	57
52	8	9
64	1	8
103	23	50
2	7	69
33	9	65
59	23	42
96	24	19
51	22	91
15	7	40
10	3	20
64	10	33
75	22	69
1	8	14
82	22	55
77	24	36
31	19	10
45	7	43
7	10	100
91	4	41
15	19	45
19	2	77
53	23	0
12	8	78
2	23	43
82	23	24
79	22	74
17	8	96
90	19	8
22	8	46
29	5	97
1	8	23
101	9	24
12	10	53
62	18	47
71	19	86
28	10	75
81	23	8
58	18	75
30	8	80
18	7	99
84	15	103
13	7	23
83	3	86
73	10	40
7	19	91
55	18	26
36	13	30
73	10	24
8	7	21
69	14	61
10	8	25
42	10	95
37	3	102
79	22	87
79	3	85
91	4	40
8	3	13
52	7	103
22	8	41
99	21	52
75	22	54
11	22	55
80	2	76
98	5	63
58	7	41
76	14	64
74	10	29
0	8	10
91	24	14
16	12	13
6	7	4
82	8	81
41	3	29
67	22	6
27	19	95
44	23	21
53	7	89
62	8	33
7	7	80
14	22	62
5	4	12
91	10	11
25	1	58
22	19	42
58	7	36
72	23	38
45	5	90
77	8	86
61	3	23
46	8	88
99	8	45
58	4	16
41	10	84
29	3	77
56	8	60
91	15	4
64	19	93
99	8	82
89	1	82
48	23	34
89	3	86
72	8	85
67	4	37
14	8	84
49	3	18
96	24	22
78	14	61
59	3	64
16	23	36
73	15	95
43	2	97
36	19	27
18	4	47
99	1	7
13	8	29
35	24	18
87	7	46
29	1	46
85	18	42
95	22	83
61	7	75
85	20	28
83	2	64
73	18	85
42	5	79
41	4	21
25	5	59
46	0	81
33	20	31
39	2	65
54	24	60
25	13	32
76	23	10
40	3	77
91	22	52
23	22	76
90	10	19
97	24	28
91	5	72
57	18	102
31	20	49
103	22	63
84	8	3
71	19	85
23	24	14
16	10	14
89	10	28
93	1	25
26	2	79
63	3	23
74	5	75
50	1	89
9	5	69
83	24	13
58	8	28
50	7	3
91	7	37
27	23	15
28	5	103
35	8	27
24	23	32
61	22	52
78	22	83
86	1	11
100	23	28
80	3	26
7	3	81
54	8	75
62	18	86
75	9	48
80	21	66
77	2	95
22	7	84
22	20	0
78	8	26
93	8	91
14	2	91
1	7	40
48	2	68
32	19	49
78	8	32
57	3	49
80	20	60
82	22	62
29	21	58
24	3	103
14	8	5
45	24	50
94	20	34
56	18	44
78	10	1
80	15	96
76	2	68
57	3	71
86	19	71
18	7	69
38	3	32
26	20	34
51	18	88
35	1	1
31	10	73
22	4	9
98	10	25
93	8	10
13	7	3
42	10	39
56	9	15
62	4	82
26	3	83
18	8	91
8	19	5
101	22	87
95	15	80
86	14	80
76	18	102
82	10	23
58	7	24
43	8	93
80	5	86
83	0	102
40	10	84
60	7	70
68	7	24
94	23	24
6	4	29
77	4	33
2	9	83
78	19	92
47	10	53
48	8	101
4	1	38
3	7	102
68	24	49
44	19	17
46	1	65
41	13	48
1	3	52
84	1	52
23	2	61
50	7	91
61	7	102
8	11	22
19	20	18
12	9	87
83	10	21
38	7	28
41	20	93
50	24	13
71	7	96
4	18	51
51	12	25
48	21	65
94	22	54
17	13	49
68	7	99
19	24	31
64	10	23
14	20	50
61	4	7
76	12	44
50	24	17
50	5	90
32	20	21
95	18	92
68	18	89
101	22	74
1	19	86
9	1	21
84	1	2
8	19	42
92	23	35
42	1	0
27	19	36
71	7	69
3	22	5
72	4	27
57	4	82
3	24	33
86	20	20
16	8	7
18	19	4
18	7	24
14	3	34
84	22	6
31	21	76
81	24	60
7	8	59
72	5	63
34	5	69
92	20	17
26	9	90
97	3	92
14	22	57
101	2	3
96	22	64
76	8	30
30	22	100
21	7	85
78	22	64
87	23	20
51	7	40
87	3	5
41	10	74
92	9	19
34	1	101
79	8	31
95	22	79
33	19	46
32	20	10
18	8	33
2	12	90
58	8	63
92	14	89
96	1	60
6	8	87
33	23	44
37	0	17
18	4	82
32	3	45
10	0	97
15	8	9
5	23	33
9	11	35
26	9	5
10	7	12
103	8	86
74	23	14
63	7	45
32	7	97
7	10	15
79	8	95
100	1	62
34	10	11
74	4	32
101	1	23
82	22	54
19	10	76
11	10	42
30	20	16
52	0	100
91	23	25
93	19	45
71	12	70
47	7	14
66	8	86
87	21	69
98	19	27
34	20	8
39	10	84
44	19	13
21	7	26
73	9	32
75	5	80
31	23	32
18	23	9
61	8	42
13	7	97
22	21	57
54	7	44
7	7	84
13	9	100
76	8	20
20	8	68
0	22	101
55	4	38
34	5	66
81	3	39
28	4	24
99	7	100
68	23	9
39	4	14
15	4	82
29	8	16
49	13	12
99	3	39
46	19	20
88	8	96
81	19	3
55	3	93
58	18	85
82	7	14
51	12	67
43	19	78
42	23	14
80	21	78
16	18	100
70	15	103
76	9	50
67	21	78
79	7	14
99	22	85
52	8	91
56	0	102
69	10	93
8	7	92
27	7	88
27	7	16
82	22	77
28	1	101
10	8	35
2	9	88
85	18	35
74	21	69
43	20	8
98	20	71
81	7	84
97	20	26
32	7	34
47	0	11
28	24	20
90	15	96
37	18	52
42	22	102
77	8	4
7	22	85
28	8	44
96	15	84
16	12	64
18	13	16
96	22	89
30	23	44
96	24	31
51	15	66
69	8	102
52	7	69
42	8	3
77	22	79
1	17	26
89	22	78
101	22	70
8	7	63
69	4	30
79	10	34
19	8	88
51	23	43
63	3	10
36	7	44
37	21	97
31	3	96
65	1	66
92	20	26
59	7	14
42	12	44
34	8	48
30	10	89
45	19	15
83	5	84
9	0	34
2	19	94
86	24	17
11	22	96
48	10	40
71	13	82
58	5	4
0	12	87
83	2	79
94	19	0
77	5	61
2	19	85
20	13	36
75	1	11
67	22	61
50	20	27
79	0	94
63	3	20
3	2	92
43	18	72
63	3	21
77	21	62
70	15	72
84	10	36
52	18	75
48	13	11
29	24	19
25	10	19
66	10	25
7	8	37
28	10	89
62	7	36
21	21	64
91	19	19
77	7	44
11	8	81
6	15	64
78	12	41
68	7	31
80	1	52
1	10	46
84	23	27
44	0	93
99	2	77
42	1	58
9	7	83
74	22	63
25	21	78
62	22	3
31	18	53
82	22	99
7	8	38
0	3	68
71	19	75
78	3	96
67	8	3
26	20	21
69	4	33
75	14	62
5	4	13
11	3	50
91	19	60
95	1	65
41	3	103
39	2	72
42	1	57
50	4	42
93	13	38
94	24	32
64	24	38
53	0	33
2	19	102
35	21	78
36	8	13
81	8	102
56	3	38
26	7	43
14	24	21
47	7	92
54	10	18
7	3	69
14	2	3
72	23	82
97	23	35
14	23	2
46	21	90
51	12	42
83	18	62
56	18	80
46	1	96
49	19	64
71	7	65
21	22	70
76	8	3
85	2	64
46	5	91
11	22	52
48	2	80
52	1	42
79	24	12
40	22	59
59	8	96
17	22	81
69	21	57
91	22	57
31	13	43
88	4	35
35	13	50
1	9	85
3	21	94
6	8	25
66	1	65
101	9	29
87	24	15
92	15	75
94	2	83
69	4	10
49	3	52
25	2	84
101	22	76
13	13	1
79	23	48
102	7	9
94	21	101
45	22	77
33	10	50
70	2	84
30	3	3
102	23	19
44	0	62
66	23	20
3	24	20
66	20	71
39	10	67
17	9	87
42	23	20
21	23	1
13	5	68
53	7	47
43	7	102
79	0	102
89	1	38
69	3	31
17	8	24
37	2	85
46	1	29
27	6	19
11	7	92
83	7	3
37	5	70
1	22	3
26	21	6
42	8	92
14	7	102
64	8	99
6	2	63
30	18	54
97	20	17
66	24	60
24	2	77
68	7	81
7	12	103
78	2	54
53	7	26
47	13	2
51	10	19
54	19	21
15	10	65
77	1	60
42	8	101
56	8	72
29	4	33
82	7	3
69	7	73
46	22	4
82	12	32
70	22	6
27	22	57
8	7	14
93	19	17
90	2	70
31	2	98
70	15	99
102	22	81
25	10	99
2	7	98
98	10	18
3	21	85
7	22	56
98	8	86
92	23	25
70	18	16
6	4	22
99	10	35
53	5	96
51	9	32
3	8	1
89	8	95
26	18	55
8	0	26
30	8	87
72	1	54
66	21	57
10	8	74
65	20	1
13	9	73
75	3	45
86	24	26
53	8	58
24	4	34
61	23	0
59	8	99
48	22	53
34	13	41
28	22	84
13	0	37
79	8	81
10	5	72
77	7	43
80	23	28
72	15	70
32	22	95
52	7	99
31	24	24
57	7	78
35	9	83
4	5	74
77	23	16
86	0	8
80	1	2
100	9	32
12	1	89
34	21	59
0	2	57
84	10	29
47	8	24
87	5	89
93	7	29
28	24	34
23	2	97
5	4	17
4	18	25
59	22	80
36	10	48
102	18	49
43	1	53
49	3	76
44	1	51
96	23	32
61	3	34
49	7	31
41	2	72
34	5	77
28	23	71
77	20	18
66	3	41
53	10	13
73	22	63
13	5	58
38	7	92
51	24	71
8	8	66
59	3	32
90	5	64
53	23	71
37	1	82
39	10	70
73	2	70
48	13	26
16	23	15
89	23	19
20	24	10
32	20	28
51	7	29
58	3	76
48	24	25
27	17	22
65	23	17
37	24	26
37	19	51
62	8	30
55	7	78
59	12	94
67	23	28
83	22	66
22	24	24
25	23	30
91	5	99
63	22	58
10	7	88
87	2	55
7	13	21
21	5	103
4	22	65
78	7	25
37	20	30
38	4	42
103	20	15
3	3	101
60	7	73
68	22	53
89	0	16
28	8	35
52	5	79
89	7	97
52	7	77
0	7	22
48	5	64
25	24	18
58	8	21
90	15	98
7	7	68
39	22	88
68	3	70
9	24	27
97	20	12
92	19	54
88	21	63
18	7	19
32	19	2
84	20	60
42	7	46
70	1	52
3	19	69
56	7	91
29	2	66
72	8	7
3	22	84
13	0	4
28	10	64
85	22	78
18	8	28
96	9	28
99	24	19
76	24	49
101	21	94
58	1	42
24	4	23
40	7	100
95	15	90
30	22	57
37	3	4
65	24	19
65	23	16
101	1	28
5	3	42
63	15	85
66	20	49
53	8	62
100	1	73
8	3	12
33	8	42
29	10	74
52	18	83
66	21	58
102	2	85
11	12	26
2	12	67
96	22	3
14	8	43
85	1	11
103	23	82
96	24	36
99	2	81
80	5	94
4	19	62
1	12	25
74	24	35
28	22	76
61	15	79
7	7	90
98	24	41
92	19	22
66	7	67
8	13	71
41	8	38
45	4	44
74	10	36
18	13	12
22	13	48
4	22	96
86	3	45
83	23	7
84	2	74
34	7	32
92	9	40
68	18	32
92	23	42
98	23	8
39	2	103
22	3	32
11	23	36
57	10	7
23	13	41
93	1	84
58	8	14
14	21	88
82	3	64
86	24	12
95	15	74
96	19	10
51	12	87
11	8	69
31	8	45
64	7	20
57	12	73
83	3	94
57	7	99
90	10	40
90	8	97
27	21	56
53	5	81
76	9	82
43	20	17
85	20	33
91	8	0
65	7	90
54	8	17
62	5	4
7	13	33
79	10	28
47	0	37
68	7	29
18	8	97
84	2	68
0	7	41
25	20	60
95	21	67
97	4	31
10	19	46
81	3	103
94	8	79
78	20	0
35	5	88
45	2	79
17	3	50
73	5	102
63	3	28
17	20	9
12	5	57
84	23	23
39	10	87
11	12	32
39	2	95
100	1	70
10	2	61
102	8	98
103	1	7
102	22	103
47	0	102
67	23	8
74	15	99
87	7	103
47	8	103
68	8	23
14	4	29
101	18	66
95	20	93
87	5	86
41	10	42
83	18	93
18	5	83
3	20	45
25	9	89
46	8	89
15	8	97
70	3	73
58	8	27
56	8	103
9	22	55
75	23	60
96	8	4
25	1	1
24	23	38
29	20	71
67	3	76
60	10	100
69	22	64
97	22	55
47	18	100
64	0	94
99	2	87
3	19	81
92	19	78
22	1	95
1	12	35
98	23	13
60	7	74
26	2	59
91	0	9
67	8	97
58	23	13
32	13	35
7	7	74
80	6	12
87	7	36
67	2	57
11	7	9
91	5	95
80	23	33
99	22	6
83	15	53
81	22	79
100	5	102
65	22	64
26	24	12
29	22	83
7	8	64
73	21	54
55	23	20
58	2	52
90	2	68
20	8	42
10	8	70
91	20	12
82	8	78
47	10	75
6	8	80
101	7	4
62	7	69
25	9	4
41	21	51
10	23	15
103	24	29
47	18	55
9	7	26
18	19	94
9	22	67
75	19	71
71	12	74
70	23	14
90	2	84
72	3	66
103	7	100
102	3	4
44	20	60
59	5	58
4	5	84
82	0	4
10	9	69
55	18	17
16	23	0
40	10	25
44	13	16
30	7	85
61	7	88
55	8	9
74	9	11
67	15	99
33	0	9
43	5	65
27	3	9
88	9	18
84	13	11
42	10	40
70	9	13
67	24	25
77	2	69
69	12	41
11	3	59
89	19	71
81	12	40
81	19	91
6	2	97
82	12	26
73	11	9
89	14	68
3	2	91
22	7	25
55	1	73
11	12	85
90	8	43
6	8	73
48	10	41
36	22	88
11	10	10
12	0	37
45	13	35
27	17	60
62	7	95
28	23	15
26	19	71
64	8	41
47	8	29
71	2	51
67	7	41
100	8	92
27	7	102
73	1	58
57	18	37
47	8	60
35	10	98
18	7	22
76	8	28
37	7	9
79	7	101
102	22	96
29	8	102
55	19	4
62	18	83
56	24	16
93	8	6
95	22	89
78	2	65
29	1	7
53	18	95
80	1	62
52	2	55
56	7	61
12	7	34
53	8	84
98	8	16
22	4	39
91	21	85
12	13	1
60	10	55
79	8	98
47	8	54
56	9	1
12	8	22
19	24	7
45	18	68
77	21	52
71	2	55
30	13	41
54	12	24
47	2	88
83	5	5
70	22	102
70	10	24
15	7	99
74	1	1
11	9	5
80	5	83
35	13	13
49	22	53
84	5	75
30	20	8
6	20	13
69	3	78
60	10	52
100	5	75
58	24	49
20	8	48
93	7	19
102	0	50
30	9	96
1	7	99
92	20	47
50	0	102
54	8	26
40	23	32
89	5	80
12	3	85
37	1	11
79	9	71
75	24	17
96	2	95
96	19	27
79	22	54
45	20	34
100	18	59
91	20	17
50	0	37
46	10	51
14	8	25
36	22	59
83	2	59
15	7	95
66	20	2
10	9	81
93	13	8
64	7	101
72	21	62
23	23	15
35	5	75
77	23	12
92	19	7
36	1	22
75	0	16
70	1	2
92	9	39
51	8	30
0	7	96
47	8	31
16	22	57
80	24	35
12	24	11
13	8	22
12	1	75
41	4	23
76	23	8
34	0	9
27	7	83
86	2	88
53	8	52
10	23	44
9	10	75
85	20	30
27	22	52
63	22	95
42	10	31
57	7	41
47	3	4
33	5	66
8	13	93
51	21	65
60	10	68
19	10	42
87	8	91
0	8	30
99	22	91
8	18	51
51	10	46
20	21	79
23	9	96
95	3	77
81	2	54
68	8	101
71	19	32
14	2	97
42	2	73
66	8	4
101	9	39
64	8	36
38	0	37
88	3	83
13	13	93
16	22	69
21	5	95
88	24	12
57	3	2
28	9	96
59	14	76
92	8	93
53	0	21
27	7	17
51	3	1
38	8	72
36	19	14
41	10	35
56	18	67
96	8	16
78	10	15
71	22	3
47	20	27
26	21	61
54	23	8
89	2	79
68	7	66
34	5	99
48	4	50
42	8	21
97	19	65
29	24	24
34	4	19
72	4	30
26	1	82
11	6	15
77	23	38
25	13	45
80	6	50
62	7	72
27	7	79
67	21	81
69	4	23
88	0	102
4	0	56
81	19	43
95	8	38
10	19	29
71	4	16
90	23	14
43	22	55
99	22	92
22	21	62
16	7	91
69	7	5
57	14	75
88	24	82
50	8	72
88	18	51
23	0	53
14	22	51
102	21	6
27	19	103
77	20	2
96	24	40
0	8	9
59	3	75
59	5	62
103	18	53
81	23	13
42	9	86
80	20	22
88	8	77
66	8	94
3	20	8
36	23	17
66	8	13
63	7	75
41	24	36
87	9	38
51	19	37
93	10	46
29	19	27
14	8	90
78	19	43
29	21	51
41	4	34
83	5	74
77	3	99
57	7	22
79	23	42
0	7	69
11	18	51
24	2	95
80	23	23
100	21	103
37	8	36
77	10	42
69	4	9
18	9	59
9	22	57
77	15	84
38	23	36
68	0	44
63	7	37
40	19	27
59	23	7
69	2	72
61	7	37
58	23	38
21	22	62
42	1	2
89	8	41
74	21	81
99	5	53
57	12	5
33	22	100
97	8	44
74	1	52
78	21	58
21	22	74
42	22	61
47	22	66
12	9	100
15	7	19
14	24	27
83	18	90
37	21	3
12	8	99
35	21	54
95	8	56
22	8	94
101	8	15
75	8	40
73	4	45
33	13	39
43	20	47
20	10	16
97	5	96
6	18	46
92	8	15
75	5	68
11	0	83
97	21	59
35	13	11
9	10	16
99	22	64
76	8	21
68	8	63
87	12	44
67	2	73
96	21	76
90	18	83
20	8	57
49	7	96
95	20	15
20	10	59
48	22	6
42	23	34
39	21	55
62	18	102
39	7	100
67	23	33
16	3	102
63	7	94
63	23	22
0	2	62
25	8	97
55	7	103
94	21	3
35	13	32
35	1	52
102	5	70
49	3	68
78	19	3
69	20	2
44	2	100
8	13	18
97	3	3
57	7	29
39	23	16
13	9	80
8	12	75
78	5	6
38	22	74
47	8	46
70	7	77
1	13	8
87	1	0
13	24	82
72	14	101
42	1	1
1	22	53
102	22	54
9	22	51
13	8	77
28	10	50
54	21	52
85	8	95
84	3	90
67	8	91
66	3	99
72	15	76
20	3	23
91	1	63
72	3	78
19	23	47
3	5	65
44	1	87
77	22	92
96	5	61
58	0	100
26	3	4
69	23	20
6	14	98
11	13	35
40	23	12
69	7	87
54	7	90
103	15	84
96	21	51
43	22	90
40	20	49
39	2	77
60	0	46
54	8	50
41	8	13
67	22	63
75	5	84
80	10	29
43	22	76
63	22	77
39	24	24
86	7	101
52	22	92
70	8	97
6	24	14
94	20	27
42	4	13
76	8	34
32	23	41
89	10	30
74	8	43
90	15	77
96	22	75
11	10	61
5	8	9
46	22	85
63	10	16
37	22	65
89	5	74
18	3	68
35	13	82
75	22	66
85	8	41
94	1	17
79	1	56
67	24	49
58	8	30
2	8	9
47	18	76
23	3	28
71	18	79
84	15	99
62	3	2
25	1	71
86	24	47
87	24	25
16	22	78
5	1	58
78	8	17
71	8	10
34	2	97
36	20	2
87	22	61
83	8	39
95	15	84
58	12	90
61	20	82
97	21	56
53	7	83
48	3	42
28	7	102
38	7	43
41	20	1
94	3	102
5	2	68
49	7	39
63	22	78
88	8	31
82	9	70
38	3	79
91	3	3
27	8	18
46	0	78
29	20	15
45	8	60
89	12	4
76	21	66
31	8	4
57	3	93
78	7	48
76	2	57
20	3	34
77	10	35
58	12	84
9	9	95
50	21	63
34	2	3
75	21	53
57	18	47
73	1	1
60	10	1
90	1	93
60	22	86
49	2	57
85	18	48
74	4	26
84	6	26
30	10	64
100	1	68
40	4	14
46	1	39
13	23	36
89	20	10
94	0	38
65	7	87
2	7	65
56	14	55
74	2	76
34	8	74
55	3	0
74	21	65
82	23	46
38	12	89
27	7	94
56	19	48
102	20	14
100	13	50
83	10	38
59	8	77
41	21	87
0	22	92
70	4	50
87	7	31
88	5	67
57	4	11
50	23	60
12	7	91
5	24	35
38	13	49
2	7	19
47	2	79
75	19	0
46	10	15
71	8	21
67	2	90
48	4	38
63	8	24
4	24	45
83	3	88
69	22	79
95	3	99
10	3	30
30	7	26
19	19	97
53	23	44
87	24	35
79	15	53
40	3	69
61	8	18
43	8	49
92	24	34
53	8	49
92	8	44
52	1	25
87	21	65
33	4	19
79	7	43
102	2	94
55	8	10
10	8	84
5	15	72
99	19	27
98	5	92
37	5	74
33	2	3
16	23	2
47	13	71
30	7	4
65	8	4
82	22	52
76	2	58
101	15	56
103	19	9
59	9	71
51	8	27
18	19	75
37	20	43
39	23	26
16	18	90
31	20	93
10	3	14
26	2	85
71	12	90
23	24	10
44	21	78
24	4	20
32	7	43
80	20	7
12	24	8
54	20	1
35	22	63
101	22	67
35	3	87
47	7	6
19	2	99
11	19	44
45	23	24
19	10	48
99	2	66
62	7	39
22	9	63
29	22	64
89	1	11
22	2	78
69	23	12
54	10	93
17	20	10
20	8	25
75	10	30
85	3	94
93	19	94
37	5	67
8	8	78
23	22	52
19	8	50
3	22	80
41	22	102
77	8	37
19	2	98
33	5	69
42	23	28
17	22	90
6	22	58
9	20	11
16	7	23
77	21	58
21	10	17
68	19	102
69	7	84
16	18	44
10	22	55
9	18	46
95	20	18
18	13	50
83	22	54
68	24	15
94	5	87
94	1	56
47	23	22
94	23	29
90	1	71
9	11	25
101	21	59
55	4	16
12	8	19
67	9	12
30	3	6
9	22	74
103	21	55
98	23	38
7	24	60
37	0	79
64	7	14
28	23	1
38	7	91
90	23	30
93	1	80
10	0	91
2	12	5
95	8	12
7	3	54
97	4	41
21	5	99
43	19	60
51	12	73
34	7	102
96	20	2
96	20	1
46	0	22
41	20	0
33	24	14
52	10	7
37	0	47
9	19	39
60	1	98
55	7	72
9	7	50
102	0	8
93	7	66
75	10	23
11	22	58
103	2	69
66	7	84
3	21	86
33	7	102
72	3	39
46	1	31
15	9	59
39	10	48
92	3	3
83	7	23
6	14	95
23	21	56
1	7	24
54	8	47
60	23	8
98	23	45
98	21	62
69	3	103
20	8	93
86	24	38
62	8	27
85	18	5
88	15	90
79	8	39
77	2	78
15	8	10
77	24	40
100	5	64
75	8	39
68	14	79
15	7	41
33	9	98
91	22	68
83	3	89
42	2	70
26	19	2
68	2	62
73	4	38
43	13	29
29	4	23
41	21	68
64	7	3
8	13	1
49	10	81
43	9	77
101	14	95
55	19	80
91	20	8
23	18	69
95	8	86
72	8	89
86	2	85
67	9	38
70	21	81
47	3	83
83	20	10
28	5	66
23	2	91
102	18	62
36	2	77
62	13	8
4	20	10
67	8	101
0	10	46
22	22	79
82	10	63
94	8	81
24	3	39
46	10	71
22	1	98
75	10	9
79	22	100
92	22	87
85	22	69
58	7	95
84	3	35
16	10	10
36	3	41
31	22	88
20	20	11
19	20	2
31	2	66
21	24	27
4	23	41
36	9	6
55	8	48
6	8	90
85	2	88
99	20	0
70	5	75
98	19	20
84	21	69
37	19	18
85	8	36
6	21	85
39	23	32
40	3	99
28	19	46
101	1	63
11	3	88
70	9	11
78	7	42
20	8	49
28	5	69
5	2	77
57	7	77
59	20	27
21	4	31
60	20	0
88	5	70
11	3	38
74	5	86
17	9	68
3	8	2
31	21	58
91	4	39
47	24	50
51	9	11
5	1	71
0	13	13
46	0	54
72	21	52
69	19	91
8	22	95
75	14	55
54	8	38
54	8	86
23	10	89
70	8	3
62	7	99
94	8	60
30	1	101
47	0	82
100	21	81
85	14	73
30	13	36
54	7	73
85	8	72
58	22	59
66	3	24
68	20	7
30	8	25
51	12	48
90	24	35
59	8	41
47	18	58
17	23	42
69	3	24
67	22	94
83	24	32
88	5	84
64	22	84
38	5	52
7	13	28
50	23	19
24	22	75
74	10	40
13	9	76
51	8	10
39	13	33
20	8	84
93	7	31
92	19	81
36	8	50
53	12	91
35	23	9
40	22	89
65	20	2
10	2	63
72	3	96
45	2	64
69	7	42
19	24	24
25	7	46
33	21	59
0	19	4
58	7	69
2	12	74
23	20	32
61	23	93
19	7	67
43	19	54
0	12	73
46	8	8
78	3	103
93	8	28
32	19	15
54	18	20
51	23	16
11	9	80
90	15	99
56	14	52
30	9	103
12	20	27
45	20	14
49	10	46
15	8	33
68	18	85
37	0	83
44	20	39
103	2	95
82	22	98
24	23	13
63	3	30
1	12	5
86	9	48
68	8	21
72	3	98
94	23	22
83	7	14
72	22	56
53	23	39
83	8	98
27	3	34
76	7	98
3	8	0
49	12	80
99	2	98
0	19	85
91	3	43
92	5	65
86	22	98
25	3	87
66	22	89
49	9	59
23	13	36
13	3	45
47	8	99
82	23	36
56	1	75
36	7	100
54	18	9
1	7	19
83	7	97
50	1	8
63	22	99
54	21	58
75	3	102
66	23	28
31	21	62
56	7	6
33	23	71
92	1	63
27	22	5
29	5	91
24	21	62
45	5	84
95	22	64
67	3	42
41	20	49
90	9	82
28	20	12
64	23	19
25	13	50
5	21	54
39	20	15
76	24	48
73	24	18
40	3	81
69	18	27
100	20	60
88	4	48
21	24	43
49	9	102
54	7	70
41	8	8
27	22	54
89	10	23
33	21	56
74	9	12
69	21	58
100	23	14
4	1	83
15	8	28
21	19	40
8	8	77
30	6	31
62	23	38
69	8	45
66	8	50
22	8	35
63	7	86
40	23	13
44	23	30
48	23	9
38	8	77
90	3	76
79	10	33
6	22	51
16	23	93
9	7	17
20	3	92
6	22	55
2	8	34
48	22	63
85	2	79
56	19	35
36	22	75
9	1	61
97	20	47
38	23	46
98	22	102
42	2	68
11	22	99
75	14	57
18	18	56
73	3	35
103	4	33
31	23	8
61	1	97
63	8	29
88	9	1
10	23	49
18	2	62
99	3	96
66	23	33
73	3	48
29	22	85
52	8	21
74	4	17
94	0	11
100	21	54
18	0	44
60	1	39
68	8	33
38	0	102
49	19	4
49	13	17
25	5	79
101	14	103
33	13	7
53	15	4
80	15	103
46	21	87
98	4	23
65	20	0
54	21	55
14	21	89
93	13	37
97	22	84
9	22	100
55	1	84
36	8	38
93	7	99
24	3	29
98	22	4
46	22	94
71	3	68
30	21	59
85	8	29
86	9	25
71	8	34
66	23	82
41	19	10
27	23	49
71	12	25
52	24	49
77	8	102
5	1	57
18	2	52
95	3	24
8	23	46
82	23	31
76	7	95
29	3	39
8	11	7
94	5	55
60	10	57
84	6	45
99	22	79
6	24	21
14	3	28
54	19	3
87	18	11
30	8	74
5	5	89
67	22	53
56	24	82
27	20	8
88	8	29
63	8	31
54	22	6
51	12	100
4	20	20
47	24	8
11	23	24
68	7	36
49	3	1
101	21	79
34	6	22
17	0	102
41	10	90
50	23	7
16	10	63
5	23	23
100	1	57
13	7	34
83	18	0
35	2	80
51	7	41
93	7	72
52	18	102
0	0	44
89	8	39
71	24	0
37	18	62
90	3	48
92	24	14
72	3	95
75	4	44
65	23	47
2	7	77
65	15	80
7	23	8
52	3	68
83	18	76
18	22	92
72	23	13
71	7	24
89	22	66
91	20	13
75	5	74
88	8	81
56	8	7
48	10	96
30	3	43
56	7	20
0	2	58
54	12	72
61	18	22
48	10	36
10	8	48
28	13	41
30	20	17
43	21	86
6	8	74
9	7	8
43	24	21
60	3	66
44	19	8
76	24	15
59	8	95
32	24	13
91	5	98
46	23	26
80	8	21
87	23	14
50	8	78
35	1	100
0	12	5
39	10	73
83	8	95
28	20	13
10	19	41
48	5	79
57	8	9
38	22	80
62	18	45
43	23	25
54	10	15
77	23	13
71	8	63
56	8	22
84	15	72
36	1	78
72	8	26
10	19	36
0	7	78
21	9	72
30	6	22
50	22	95
36	8	82
4	19	93
88	8	24
11	9	100
58	1	25
52	8	14
76	2	67
96	21	55
17	7	97
18	8	14
29	19	10
70	2	80
10	19	103
69	7	100
42	1	62
72	8	86
91	23	35
83	7	92
33	21	88
49	8	14
55	8	30
52	23	43
14	13	22
41	9	101
27	3	7
2	19	37
1	22	101
0	8	28
36	23	26
47	8	98
100	8	63
75	10	20
4	1	59
39	2	5
79	7	20
91	21	64
18	13	8
47	20	20
50	7	97
88	8	103
65	23	43
20	8	5
9	7	86
74	23	27
10	7	102
91	18	65
50	7	101
3	9	40
2	12	48
44	19	82
86	18	62
14	9	98
66	8	12
6	8	100
43	13	40
49	8	21
5	2	84
25	21	65
90	15	103
6	4	36
76	8	92
51	3	57
68	18	83
6	21	56
14	9	77
40	1	19
21	23	25
18	3	35
59	12	4
3	21	64
60	8	17
68	22	94
83	24	47
14	21	56
61	16	54
91	20	38
25	22	53
24	2	69
92	14	99
27	3	14
4	19	58
63	12	3
22	7	67
81	10	15
15	2	51
97	5	72
62	22	92
91	5	103
63	22	52
0	7	24
4	5	90
81	8	32
84	13	13
27	19	96
29	23	11
25	23	34
82	13	71
47	9	90
18	24	2
91	20	45
59	8	39
57	22	101
67	23	34
19	7	84
93	2	57
85	7	43
32	20	27
63	8	74
17	13	71
81	23	50
46	23	37
47	24	45
26	9	73
26	3	32
57	8	33
0	2	51
3	19	78
27	23	0
23	22	55
54	12	96
40	21	87
64	22	5
65	5	3
90	21	69
81	2	65
85	19	0
62	1	73
24	24	36
75	8	103
22	10	15
34	9	96
83	7	6
62	3	18
101	1	30
50	4	25
19	2	66
43	7	37
48	20	7
70	5	59
1	12	73
79	8	41
1	8	27
12	23	36
24	4	30
84	10	40
58	7	78
82	8	69
20	6	60
98	22	83
77	22	85
36	1	65
6	24	34
7	10	2
7	10	52
71	12	67
6	24	20
60	3	7
90	1	15
92	2	6
72	7	100
18	1	70
19	8	75
69	7	67
26	2	88
10	0	43
59	3	83
30	23	1
80	6	45
46	19	9
44	20	31
97	1	53
16	7	28
92	24	23
28	21	59
57	3	62
8	7	97
60	8	12
77	5	6
35	5	102
49	8	27
30	6	24
35	5	79
84	13	38
53	5	69
101	19	69
31	3	39
29	2	81
68	23	38
81	3	77
46	5	3
52	18	37
95	4	23
52	7	81
72	3	40
12	9	55
43	13	36
91	23	18
76	14	89
12	8	96
27	23	44
10	7	50
53	18	24
47	7	101
8	8	99
45	23	39
33	22	76
49	3	62
48	1	51
59	3	12
53	18	36
43	8	2
76	2	73
88	8	39
25	13	16
37	22	99
102	22	66
69	12	46
46	19	10
73	8	91
30	23	18
49	19	94
85	20	23
13	13	49
12	8	72
23	8	90
9	22	84
11	22	95
76	3	80
84	2	80
83	18	25
84	5	4
51	7	24
46	10	57
87	12	100
62	4	11
4	22	78
7	1	98
22	21	51
103	19	27
29	22	75
30	7	45
5	23	40
8	19	74
88	5	58
88	5	80
69	23	11
13	3	86
13	0	94
49	4	11
39	23	12
7	13	23
39	10	25
75	24	32
81	12	95
80	23	30
89	22	65
22	10	49
98	1	78
68	3	48
94	14	70
36	20	71
69	3	29
17	19	44
34	23	1
59	8	98
14	19	36
37	23	19
63	12	91
63	23	40
93	22	92
68	3	76
95	1	60
55	19	50
103	2	98
83	7	91
19	2	103
98	21	68
35	22	61
5	22	6
54	0	46
74	23	33
28	2	63
9	8	5
54	22	56
36	22	83
10	19	96
66	23	16
90	3	67
74	9	50
34	10	82
103	14	101
41	10	70
17	23	22
62	6	59
100	9	47
44	19	88
53	10	16
1	19	50
28	5	72
85	3	102
2	10	7
30	2	91
34	6	31
88	5	73
44	22	92
79	19	62
37	0	8
89	15	6
85	18	57
26	20	30
36	8	94
63	7	88
98	4	33
30	23	71
46	21	84
16	23	1
99	22	83
66	3	31
15	19	85
92	10	16
100	5	79
49	9	88
71	7	81
77	8	82
68	24	1
80	5	102
14	20	13
29	10	25
89	2	59
47	7	43
12	3	83
39	22	86
41	1	65
52	18	32
24	23	12
8	8	72
71	8	28
102	23	24
11	10	34
57	14	88
2	8	30
67	8	21
40	10	44
33	10	79
98	5	61
30	20	13
28	8	48
66	21	55
73	3	90
45	21	61
91	23	93
88	8	95
55	8	39
71	19	102
51	18	47
10	7	64
22	2	54
57	8	91
39	10	80
64	8	40
62	7	41
48	1	93
38	22	5
90	2	73
83	8	31
52	12	84
77	22	89
76	10	7
67	23	14
53	18	29
56	8	24
33	23	93
44	4	32
58	10	46
24	20	93
11	13	25
48	4	12
29	21	87
93	1	5
45	1	56
86	18	55
71	24	49
34	24	21
77	21	76
76	2	62
53	8	1
40	21	68
72	4	23
1	1	70
26	7	101
35	2	68
46	0	35
92	21	94
50	23	36
26	8	60
97	22	73
51	10	9
60	7	90
83	0	82
40	9	92
17	0	37
48	13	47
72	10	42
49	12	70
61	8	73
24	19	53
92	22	84
96	22	88
74	20	60
88	3	26
1	8	21
71	2	58
103	14	5
60	10	93
37	21	6
4	24	26
3	14	98
80	6	38
41	7	100
13	8	19
61	23	1
10	16	47
72	15	87
34	5	72
58	7	31
73	23	30
95	18	43
41	22	64
84	2	87
39	8	37
95	22	102
10	20	8
54	8	79
12	7	30
35	23	10
63	8	5
30	6	40
60	1	29
67	18	82
31	10	80
99	23	43
45	8	96
29	10	48
1	19	79
58	24	93
95	10	42
9	19	65
46	23	38
28	5	81
35	8	101
32	9	5
101	21	86
56	9	93
3	9	39
54	8	82
98	21	51
73	9	26
84	23	14
45	22	69
1	7	41
61	14	77
7	12	39
103	4	28
58	7	40
14	9	96
36	23	37
96	22	79
76	7	36
1	3	71
35	20	7
55	8	63
101	22	80
36	8	11
56	18	74
15	7	103
98	22	59
50	2	88
5	10	31
30	10	11
19	10	51
83	3	4
48	8	27
100	20	22
6	24	30
68	2	52
79	24	50
82	9	80
68	23	20
47	8	72
94	3	4
56	7	97
75	22	81
5	23	20
91	21	89
76	8	101
31	23	50
1	17	32
23	22	67
28	2	3
100	20	7
15	7	98
68	7	78
95	1	81
12	5	52
91	4	36
27	22	58
36	3	39
82	3	11
41	21	67
21	19	60
8	18	58
23	8	80
55	14	75
61	8	100
90	22	63
34	20	17
102	23	39
37	22	103
97	15	4
95	8	8
72	22	64
39	19	27
56	19	42
14	19	41
23	23	0
54	18	10
97	20	13
78	3	77
26	24	17
24	10	70
58	3	0
30	23	2
71	8	53
24	8	16
65	20	18
99	10	42
44	1	55
85	5	80
91	23	42
103	21	52
39	18	53
42	22	6
34	24	14
96	24	29
75	10	34
54	18	97
55	5	64
55	9	12
96	2	103
65	24	22
52	5	64
85	20	21
23	7	86
90	5	88
38	20	27
54	20	0
80	6	32
73	18	11
45	5	70
47	19	44
89	3	37
3	20	11
73	20	7
56	9	18
2	2	62
18	13	13
57	14	56
55	0	96
37	2	94
13	21	63
24	22	56
47	13	25
26	22	87
100	9	17
90	9	11
94	8	46
51	12	90
84	18	16
63	3	34
12	3	32
1	8	91
12	22	66
4	14	73
90	21	81
72	3	22
46	18	53
69	7	90
35	13	47
48	1	58
87	21	78
57	23	12
40	20	93
55	8	97
70	1	1
78	4	30
44	20	19
65	2	78
44	1	25
35	19	56
10	23	18
19	8	85
8	0	102
97	23	42
30	24	14
31	4	28
103	21	67
2	2	57
17	22	65
17	23	46
75	1	50
20	8	74
44	5	75
55	7	98
49	4	16
12	7	28
15	10	46
48	2	90
24	1	54
20	8	52
44	19	79
29	23	8
10	21	56
52	22	53
41	22	59
103	23	13
28	22	67
53	5	99
13	8	99
29	4	30
17	8	39
62	18	32
34	20	12
16	22	81
36	9	92
94	2	86
90	9	50
31	20	0
49	3	15
87	3	76
16	20	27
63	7	4
8	19	84
23	22	57
0	24	15
81	23	20
99	23	13
3	20	32
72	15	67
28	7	26
23	23	2
14	10	16
101	8	52
75	5	87
25	23	28
74	1	55
42	22	75
39	23	17
60	19	3
9	19	103
64	9	71
73	15	66
89	8	99
20	22	76
76	7	46
42	23	30
73	5	75
85	14	70
15	8	34
10	8	73
79	8	69
27	8	67
24	3	40
47	7	28
47	18	67
96	20	49
82	10	10
34	22	76
21	7	37
98	10	48
69	4	28
52	7	98
102	23	42
87	21	66
101	24	21
50	9	68
39	21	58
90	20	60
34	24	20
43	20	26
57	7	96
67	7	31
101	14	99
44	1	76
68	7	46
95	20	1
15	22	3
64	23	35
0	10	7
10	0	92
81	7	67
22	8	16
96	22	59
6	15	75
82	7	20
75	7	97
54	8	32
48	10	19
36	10	35
80	10	39
34	23	93
3	7	4
25	21	69
42	23	33
27	10	11
30	22	51
23	6	29
98	7	100
67	3	84
16	3	94
63	8	90
97	0	9
62	3	71
28	4	29
14	22	76
21	20	16
65	3	98
26	8	95
26	8	7
36	8	56
59	22	73
81	3	72
27	19	99
58	18	8
96	15	73
27	19	77
62	4	16
26	8	24
15	3	71
63	8	80
60	8	13
87	23	26
66	7	76
22	19	34
3	2	97
17	23	19
56	15	101
87	15	96
49	9	83
58	8	23
97	23	49
74	20	7
34	2	92
53	5	66
28	22	80
60	1	24
70	8	43
64	19	44
37	22	72
2	7	29
1	10	22
14	23	49
79	22	84
18	19	86
87	5	75
50	20	10
4	22	72
52	8	23
24	19	9
11	6	49
0	17	50
54	8	16
37	23	7
7	10	71
56	1	45
56	19	73
4	14	5
22	3	36
11	3	56
39	9	101
97	23	25
17	18	58
98	1	22
49	3	58
14	20	17
79	9	18
30	8	76
44	20	36
40	22	83
4	18	48
71	10	54
4	20	43
25	22	63
90	10	41
33	4	22
56	8	40
51	18	4
103	23	8
7	12	29
85	19	18
68	7	40
76	24	18
45	20	21
62	1	80
62	7	31
10	23	2
77	24	41
31	10	70
44	0	0
28	8	5
62	7	19
7	20	44
21	5	78
16	3	47
72	21	58
72	4	33
95	20	71
4	10	14
26	3	45
58	22	53
98	3	103
82	10	53
38	24	13
1	10	78
84	5	85
97	2	6
61	7	4
39	22	89
6	20	8
91	23	46
0	7	66
20	18	95
86	22	99
39	10	35
92	20	45
28	9	95
59	7	26
81	0	46
46	19	21
29	21	76
103	4	34
55	22	101
2	7	99
68	19	37
44	23	34
29	10	73
14	7	32
102	19	71
99	15	84
5	8	97
39	19	10
1	24	15
59	8	22
28	5	78
86	9	35
61	10	13
22	19	97
29	10	80
3	20	47
82	8	60
95	3	103
26	3	37
53	15	94
20	1	91
64	8	77
49	7	40
48	23	30
43	20	12
44	1	90
53	0	34
41	5	61
49	7	72
15	22	101
3	22	73
62	24	49
56	8	29
81	19	92
63	21	56
96	9	23
24	21	57
22	7	87
43	9	98
14	22	52
72	18	43
28	5	77
74	5	89
8	11	24
73	15	98
44	4	37
37	20	23
93	4	16
69	3	99
2	19	32
60	7	80
37	10	20
0	19	37
54	3	66
85	18	68
93	7	40
66	5	63
15	12	35
83	18	55
25	23	21
9	3	10
0	8	21
49	3	67
102	15	53
41	23	47
46	23	32
44	23	20
58	8	61
52	18	45
34	13	36
29	22	89
78	3	99
58	7	77
25	20	7
0	7	29
102	8	95
96	2	98
41	1	69
35	10	99
29	7	100
29	22	88
59	3	88
52	7	41
48	19	8
61	1	43
9	19	29
90	9	13
100	21	99
6	23	71
58	3	67
81	15	76
74	10	24
91	4	31
87	8	92
69	7	74
10	2	53
14	20	8
12	3	79
19	20	15
42	21	81
9	7	32
9	4	22
23	5	72
97	1	63
72	1	60
10	13	60
33	5	72
11	12	75
59	0	37
49	13	38
72	7	44
18	3	80
54	23	23
77	8	94
92	14	103
44	18	59
89	20	14
17	10	21
34	7	26
9	22	62
36	2	99
30	8	67
88	20	9
73	1	49
44	19	86
84	1	49
59	8	72
93	10	22
49	23	43
17	7	28
64	3	26
9	8	90
30	3	28
39	1	7
99	19	9
6	8	5
26	2	75
21	4	19
87	9	13
25	13	47
12	22	95
17	22	74
48	9	85
101	1	61
77	9	21
38	8	96
21	7	4
84	23	20
5	15	103
42	22	63
62	7	22
94	22	77
70	18	32
75	8	24
26	1	11
79	14	76
48	20	22
85	23	19
35	23	33
51	23	12
58	2	62
90	1	49
13	3	64
92	23	48
99	23	17
61	9	19
80	8	101
80	10	40
59	3	50
29	10	70
54	12	30
100	23	33
49	13	8
103	23	26
34	22	100
68	23	12
16	18	35
81	7	42
97	4	40
5	3	76
76	7	41
47	9	5
101	8	18
33	8	70
47	10	21
4	1	88
52	22	3
6	7	37
88	5	76
54	22	4
16	23	49
91	20	47
67	12	100
73	10	29
42	10	99
25	1	2
5	8	3
40	5	97
69	21	62
17	9	76
82	9	84
3	24	21
16	7	33
31	24	19
73	8	92
26	22	54
103	10	42
88	3	75
26	19	15
16	10	3
77	22	75
66	8	85
42	10	29
1	8	33
20	3	28
77	9	20
101	0	9
0	8	33
27	3	10
45	22	72
62	7	81
59	22	74
20	21	64
60	8	59
33	23	2
85	18	52
53	7	8
89	14	55
37	4	35
73	1	62
98	15	5
91	15	94
7	13	34
30	0	9
103	9	20
18	22	3
64	19	57
37	23	24
38	8	24
9	0	28
33	9	96
86	5	67
21	24	34
2	2	55
79	20	9
19	13	43
40	3	98
97	21	79
13	3	59
92	8	58
5	22	61
80	1	57
64	9	0
66	8	88
87	5	102
67	20	7
45	7	3
2	7	24
19	20	0
32	22	54
55	8	3
87	20	22
72	4	28
84	13	12
98	23	47
59	8	36
34	5	98
16	22	55
56	3	88
1	7	31
8	0	45
16	18	42
71	13	50
46	1	72
103	1	60
60	10	2
42	10	36
27	8	68
38	7	30
93	3	76
8	11	19
65	8	45
54	12	98
42	23	37
83	18	52
83	18	2
71	22	101
82	22	57
46	5	92
33	22	67
35	1	0
75	1	8
33	8	90
102	18	76
44	1	73
78	9	14
98	22	64
12	8	39
19	23	38
35	8	92
16	23	22
74	22	53
92	24	43
9	8	70
71	24	1
49	19	86
22	21	52
92	21	85
70	5	64
53	8	67
84	10	31
85	7	101
31	4	30
0	7	40
11	0	94
63	22	98
33	8	74
79	8	65
80	21	54
0	4	16
7	3	72
5	5	88
75	23	46
89	7	21
80	1	71
47	10	61
88	24	11
21	2	6
9	0	33
7	10	93
31	5	63
95	8	4
20	8	67
14	1	101
39	5	63
15	12	84
98	20	93
83	3	45
67	21	69
82	13	42
42	21	78
52	7	54
99	2	90
0	4	82
71	8	33
78	21	57
6	22	52
20	20	12
64	18	51
18	10	60
52	4	16
62	3	52
100	21	72
11	8	66
21	7	102
48	10	99
101	9	41
41	18	53
25	23	23
39	24	31
47	20	10
48	21	78
27	7	13
63	9	7
13	4	48
20	8	55
88	8	41
19	4	30
23	7	4
56	19	25
95	21	52
2	8	63
20	6	19
62	2	51
31	1	7
42	1	49
22	9	61
21	22	100
22	7	100
98	5	91
58	18	32
35	4	38
63	22	51
59	21	63
29	18	53
84	3	42
29	8	94
12	3	26
47	18	74
81	5	6
83	5	100
87	3	42
0	13	8
4	19	0
88	3	86
10	7	32
78	23	38
41	1	78
89	19	2
71	12	5
32	13	1
83	18	57
74	20	19
94	19	62
56	7	33
79	23	46
67	3	5
9	19	77
47	7	23
78	8	85
34	22	62
13	8	72
30	23	93
93	10	53
41	21	57
51	8	20
53	8	57
73	10	39
95	2	66
89	12	94
84	8	9
47	7	3
14	10	82
56	14	62
46	8	59
19	20	1
92	1	53
3	23	25
83	24	17
52	7	66
61	22	58
49	12	84
48	5	102
29	1	60
12	22	5
19	7	100
29	21	52
27	23	48
101	8	0
103	24	19
47	18	62
64	22	67
97	20	32
17	7	91
50	19	15
44	23	28
27	7	37
55	14	89
23	5	66
98	1	7
52	3	71
91	24	21
37	20	33
75	14	5
95	2	72
25	3	42
54	7	87
37	0	56
28	0	53
99	20	15
65	18	53
41	10	25
84	1	0
81	22	56
26	5	84
77	4	30
1	7	29
71	7	66
16	22	58
78	7	100
47	18	73
103	20	49
2	12	76
40	23	50
74	1	71
6	20	38
15	19	79
5	14	86
63	7	12
9	23	71
103	24	22
49	8	91
45	23	36
29	24	41
16	8	65
21	22	51
81	3	99
63	2	53
59	9	1
4	2	86
66	15	70
35	9	94
46	8	82
9	0	30
14	10	11
65	8	88
3	23	46
71	23	43
99	4	23
31	23	47
52	7	95
84	7	46
27	7	32
44	20	29
0	2	52
11	10	23
46	21	74
51	8	61
95	15	70
28	23	49
38	21	63
9	22	52
56	21	53
43	13	39
97	24	14
22	10	76
76	4	26
72	4	14
30	2	97
100	1	5
40	21	58
82	12	37
81	24	7
96	3	39
29	21	68
101	14	98
37	20	21
79	23	25
25	19	8
16	3	37
50	19	57
67	2	52
44	19	38
2	7	40
103	14	61
54	3	22
90	4	38
33	5	99
36	21	55
64	20	9
86	7	91
84	22	63
102	18	15
13	8	24
49	7	66
76	5	85
25	2	80
17	7	6
5	7	46
56	3	17
74	15	72
70	21	54
40	19	9
44	22	6
76	7	77
20	3	101
9	18	54
43	8	52
92	8	1
98	20	0
79	22	73
4	21	101
61	14	103
103	21	76
75	15	92
2	8	91
95	24	19
61	1	92
69	20	18
94	22	65
38	23	60
75	14	90
39	22	59
43	8	44
98	21	58
96	21	62
49	7	36
74	23	28
6	24	33
4	22	81
56	14	68
95	5	63
89	5	76
98	21	76
69	19	101
51	9	82
43	20	13
82	10	30
89	21	53
86	18	51
76	7	39
57	8	6
19	24	36
68	7	98
55	1	35
75	9	42
92	20	38
37	23	22
32	9	90
38	22	84
23	22	87
100	0	93
71	7	22
15	7	36
64	19	58
73	15	72
57	18	26
43	1	63
85	7	92
102	21	97
84	1	15
66	10	42
4	19	76
76	7	31
92	3	101
69	22	59
18	22	101
43	8	18
30	8	73
52	0	44
23	22	51
32	2	89
18	22	61
55	9	13
19	8	89
7	10	49
75	8	31
71	2	52
93	24	15
23	10	79
54	19	43
103	15	90
12	9	67
2	7	96
17	21	63
102	22	99
81	5	53
25	9	75
9	19	40
75	2	59
16	9	68
60	3	78
20	22	100
1	2	55
32	19	68
95	8	94
64	23	60
39	24	41
16	18	76
53	8	48
91	24	33
43	10	75
53	10	50
47	18	52
73	2	68
80	2	73
72	23	16
103	22	83
55	7	69
42	2	67
21	23	71
42	10	66
56	7	34
41	20	18
101	9	31
88	3	32
46	0	7
35	19	8
100	20	39
101	2	92
92	24	33
90	3	87
37	19	0
65	21	58
17	13	15
41	7	44
13	18	51
41	22	75
1	3	76
57	7	24
97	8	100
73	10	19
24	9	92
99	10	25
68	22	59
57	1	35
62	18	17
46	23	16
14	19	46
70	15	98
41	20	2
80	23	20
83	18	70
32	2	94
27	8	74
49	7	24
82	0	47
97	7	37
59	9	0
51	3	93
0	8	27
93	19	41
9	5	78
32	21	61
23	18	81
17	3	59
2	9	79
52	3	67
89	5	51
73	23	34
23	18	78
87	21	81
47	24	17
1	19	64
34	22	58
16	24	82
78	23	47
98	3	99
82	12	89
87	23	34
83	8	41
64	23	48
2	8	27
70	8	101
73	12	100
56	8	66
37	23	39
66	22	56
92	8	0
65	22	75
