Mean Rank: 19, 4
Mean RR: 0.1198, 0.5246
Hit@1: 0.0129, 0.2549
Hit@3: 0.0930, 0.7436
Hit@5: 0.1725, 0.8616
Hit@10: 0.3759, 0.9470
2.120795965194702
1.6930474042892456
1.6203227043151855
1.020106554031372
0.8646271824836731
0.7287681698799133
0.6825243830680847
0.6568029522895813
0.6595263481140137
0.6252541542053223
0.6193224787712097
0.6103082299232483
0.6004810929298401
0.563914954662323
0.6204940676689148
0.5696040987968445
0.5375643372535706
0.5612322688102722
0.5340904593467712
0.5494559407234192
0.5496060848236084
0.5348738431930542
0.5454010367393494
0.515892744064331
0.5174424052238464
0.5269859433174133
0.509726345539093
0.49260440468788147
0.523968517780304
0.5277876257896423
0.48753422498703003
0.5114708542823792
0.510522723197937
0.5044134855270386
0.4870472550392151
0.47835126519203186
0.5060651302337646
0.4992219805717468
0.5066319704055786
0.4728550612926483
0.5051444172859192
0.5355959534645081
0.4766312539577484
0.4924966096878052
0.5019888877868652
0.4889744222164154
0.4818743169307709
0.480012983083725
0.47691139578819275
0.47740665078163147
0.49325382709503174
0.4791411757469177
0.46525880694389343
0.5099920630455017
0.5064387321472168
0.47650614380836487
0.498263955116272
0.4978088140487671
0.45261433720588684
0.4756329655647278
0.45546361804008484
0.4803681969642639
0.4844733774662018
0.46821537613868713
0.4622114896774292
0.4724104106426239
0.4955539107322693
0.4702626168727875
0.49129176139831543
0.4598526656627655
0.45853206515312195
0.4712853729724884
0.49218684434890747
0.469261109828949
0.46220505237579346
0.45521894097328186
0.47059592604637146
0.4628462493419647
0.46417170763015747
0.4274457097053528
0.46925127506256104
0.45762428641319275
0.41017597913742065
0.46513599157333374
0.4855560064315796
0.44896411895751953
0.4409879446029663
0.4642765522003174
0.47905799746513367
0.45517846941947937
0.4734274744987488
0.4537457823753357
0.45366179943084717
0.4340124726295471
0.45039525628089905
0.4956546425819397
0.4217267632484436
0.4468993544578552
0.4598168432712555
0.43830132484436035
