training time  465.4964339733124

Mean Rank: 15, 5
Mean RR: 0.2126, 0.6415
Hit@1: 0.0794, 0.5068
Hit@3: 0.2065, 0.7383
Hit@5: 0.3238, 0.8011
Hit@10: 0.5378, 0.8722
0.6973975896835327
0.6976677775382996
0.6969470977783203
0.6958975791931152
0.6946857571601868
0.6922916769981384
0.6890031099319458
0.6824617981910706
0.6752043962478638
0.6647981405258179
0.6449945569038391
0.6346263885498047
0.6075480580329895
0.598566472530365
0.5786288380622864
0.5669090747833252
0.5437221527099609
0.5366137027740479
0.5141208171844482
0.49815070629119873
0.47810569405555725
0.4646621644496918
0.469976544380188
0.42987486720085144
0.4267203211784363
0.4313374161720276
0.4280985891819
0.4012742340564728
0.39780521392822266
0.36970001459121704
0.3557995557785034
0.34771084785461426
0.3616844415664673
0.35199347138404846
0.3403349816799164
0.34872400760650635
0.3309871554374695
0.34518668055534363
0.3277274966239929
0.3155645430088043
0.31900501251220703
0.2982650399208069
0.3079359531402588
0.3102200925350189
0.2869437634944916
0.31879130005836487
0.28872814774513245
0.29776906967163086
0.3009706735610962
0.2906809151172638
0.28823018074035645
0.2783386707305908
0.27112245559692383
0.27027660608291626
0.271812379360199
0.28566819429397583
0.2759671211242676
0.2904376983642578
0.2792390286922455
0.2783937454223633
0.264149934053421
0.25683876872062683
0.2680191993713379
0.2809333801269531
0.2690911889076233
0.2854427099227905
0.2685945928096771
0.2642784118652344
0.2728898823261261
0.25971919298171997
0.24573948979377747
0.26616552472114563
0.26254597306251526
0.25162386894226074
0.25428134202957153
0.24239063262939453
0.2656335234642029
0.26367005705833435
0.25526803731918335
0.26075366139411926
0.25894302129745483
0.26263442635536194
0.25874829292297363
0.2507545053958893
0.2654164731502533
0.25926581025123596
0.2535000145435333
0.25481951236724854
0.2535322308540344
0.25571322441101074
0.24226690828800201
0.26406925916671753
0.2608625590801239
0.2605575919151306
0.2604539394378662
0.2476077377796173
0.2577906548976898
0.2652241587638855
0.24864962697029114
0.2541070580482483
0.2573661804199219
0.25794824957847595
0.25128647685050964
0.24615830183029175
0.2505479156970978
0.2462487518787384
0.2661844789981842
0.25429871678352356
0.2564493715763092
0.2387712150812149
0.2529429793357849
0.23717603087425232
0.23599311709403992
0.25012317299842834
0.25864335894584656
0.25517192482948303
0.24503210186958313
0.25851932168006897
0.2532316744327545
0.24577876925468445
0.2349621057510376
0.23773902654647827
0.2612898051738739
0.24343682825565338
0.2454763948917389
0.25025463104248047
0.252734899520874
0.2453835904598236
0.2548398971557617
0.24951255321502686
0.23720064759254456
0.24832022190093994
0.2301667332649231
0.25062885880470276
0.2365753948688507
0.26190632581710815
0.2513026297092438
0.24901214241981506
0.24313685297966003
0.25276267528533936
0.2352781593799591
0.24040725827217102
0.24109020829200745
0.23913881182670593
0.23842278122901917
0.2471175491809845
0.25224223732948303
0.2403540313243866
0.23619428277015686
0.24501493573188782
0.2451598197221756
0.24091708660125732
0.24343250691890717
0.2552831768989563
0.24712204933166504
0.24880704283714294
0.2339475154876709
0.24571463465690613
0.25449901819229126
0.25322407484054565
0.23391082882881165
0.25142186880111694
0.24372851848602295
0.2431676685810089
0.24451085925102234
0.23610854148864746
0.22811442613601685
0.2547752261161804
0.23578090965747833
0.2560395300388336
0.2470184862613678
0.24937060475349426
0.23153865337371826
0.23773661255836487
0.22498178482055664
0.24522647261619568
0.2364673614501953
0.2487398087978363
0.24502384662628174
0.23202702403068542
0.24848143756389618
0.2244454026222229
0.23883381485939026
0.22490790486335754
0.22884434461593628
0.2318459302186966
0.2635398805141449
0.2339581847190857
0.2586144208908081
0.24193495512008667
0.22714173793792725
0.23218807578086853
0.25559601187705994
0.23028254508972168
0.2474442720413208
0.25181835889816284
0.2550269365310669
0.22971948981285095
0.2326342761516571
0.228395015001297
0.2299186736345291
0.2306879609823227
0.2474081665277481
0.25141191482543945
0.23475494980812073
0.25110283493995667
0.24244222044944763
0.23577143251895905
0.22474902868270874
0.23487934470176697
0.23015791177749634
0.23126524686813354
0.2505052983760834
0.24115365743637085
0.25115206837654114
0.23187655210494995
0.23567438125610352
0.24916842579841614
0.23234808444976807
0.23261472582817078
0.24470916390419006
0.22894228994846344
0.24180656671524048
0.22860339283943176
0.22617486119270325
0.2445945143699646
0.2398349940776825
0.2263035774230957
0.25020307302474976
0.25475937128067017
0.23532205820083618
0.23272666335105896
0.24340283870697021
0.23933658003807068
0.23538339138031006
0.24842265248298645
0.24607741832733154
0.2299967110157013
0.23999831080436707
0.24643929302692413
0.23672857880592346
0.23232273757457733
0.23361410200595856
0.2486763596534729
0.23576608300209045
0.223661869764328
0.24634617567062378
0.24032780528068542
0.2405252754688263
0.24551965296268463
0.2251337766647339
0.23609936237335205
0.23191240429878235
0.24191206693649292
0.24710221588611603
0.23715117573738098
0.24997363984584808
0.24539101123809814
0.23825331032276154
0.23037415742874146
0.22813689708709717
0.23500695824623108
0.22222985327243805
0.22863617539405823
0.2299710512161255
0.23203757405281067
0.23829394578933716
0.24976220726966858
0.2447701394557953
0.23851290345191956
0.23856568336486816
0.22134122252464294
0.22677181661128998
0.2340550720691681
0.24174553155899048
0.2429766058921814
0.24320566654205322
0.22132793068885803
0.24112604558467865
0.25117620825767517
0.23311461508274078
0.23871645331382751
0.24093830585479736
0.22447040677070618
0.22133490443229675
0.24031713604927063
0.2477950006723404
0.24155154824256897
0.22891081869602203
0.22515377402305603
0.24371668696403503
0.2298460453748703
0.23282036185264587
0.2385224550962448
0.24488109350204468
0.23378422856330872
0.21937204897403717
0.23847095668315887
0.23287779092788696
0.24624907970428467
0.2369045466184616
0.22859445214271545
0.24981331825256348
0.24304074048995972
0.2177627980709076
0.2333814650774002
0.23908409476280212
0.239949569106102
0.23562592267990112
0.22464510798454285
0.23880094289779663
0.22662529349327087
0.2421984076499939
0.23221361637115479
0.2453225553035736
0.2402532994747162
0.22910822927951813
0.2357352375984192
0.25058478116989136
0.24152138829231262
0.23363012075424194
0.23064810037612915
0.23575720191001892
0.22324109077453613
0.25244325399398804
0.2262614369392395
0.2238197922706604
0.2358386218547821
0.23572230339050293
0.23673933744430542
0.2419317662715912
0.23064544796943665
0.22637373208999634
0.23375260829925537
0.23639479279518127
0.2423863261938095
0.23204705119132996
0.24242670834064484
0.2404138147830963
0.24255239963531494
0.24147790670394897
0.23872430622577667
0.2305147349834442
0.23542523384094238
0.22362840175628662
0.22145459055900574
0.22344188392162323
0.23718032240867615
0.23509252071380615
0.24459215998649597
0.22039908170700073
0.22548022866249084
0.23642396926879883
0.23084017634391785
0.23055638372898102
0.22694998979568481
0.2458038628101349
0.23645663261413574
0.23263028264045715
0.22679243981838226
0.22600191831588745
0.23632201552391052
0.23002192378044128
0.22198626399040222
0.2201554775238037
0.23314504325389862
0.2424628734588623
0.23113733530044556
0.22860974073410034
0.24137794971466064
0.24776554107666016
0.2245510369539261
0.23012390732765198
0.23282498121261597
0.2322351634502411
0.22628922760486603
0.22087086737155914
0.24269789457321167
0.23200464248657227
0.23596987128257751
0.23467271029949188
0.23890253901481628
0.22670841217041016
0.22339919209480286
0.2334107756614685
0.22770577669143677
0.2317722588777542
0.22871863842010498
0.22601518034934998
0.24580413103103638
0.23873646557331085
0.23711049556732178
0.23442843556404114
0.23570525646209717
0.23786811530590057
0.23945027589797974
0.23237192630767822
0.24520328640937805
0.2296021282672882
0.22299295663833618
0.2345447540283203
0.22513927519321442
0.22137540578842163
0.2255299985408783
0.22914962470531464
0.23285242915153503
0.23520086705684662
0.2418328821659088
0.2223382294178009
0.22570130228996277
0.23186901211738586
0.21893328428268433
0.2280084788799286
0.231093168258667
0.23267224431037903
0.2494792491197586
0.22684717178344727
0.23621195554733276
0.21653205156326294
0.24292972683906555
0.24896200001239777
0.2335502803325653
0.23331540822982788
0.23343273997306824
0.23172789812088013
0.22547613084316254
0.22417166829109192
0.23116832971572876
0.24502280354499817
0.2260802686214447
0.23370635509490967
0.220992773771286
0.2287900149822235
0.2255784273147583
0.24326691031455994
0.2314830720424652
0.23006637394428253
0.21867713332176208
0.2266654670238495
0.2321043461561203
0.22222024202346802
0.22106505930423737
0.23169630765914917
0.2219778299331665
0.22634026408195496
0.2314682900905609
0.24462777376174927
0.23321931064128876
0.23773235082626343
0.24242183566093445
0.23617437481880188
0.22771136462688446
0.22016504406929016
0.22682467103004456
0.23115487396717072
0.2183944582939148
0.22730499505996704
0.23178942501544952
0.248231440782547
0.2388153225183487
0.22229012846946716
0.22471308708190918
0.23412662744522095
0.23404285311698914
0.21951308846473694
0.2268223762512207
0.22764506936073303
0.24140629172325134
0.22661739587783813
0.23009607195854187
0.22152398526668549
0.22709637880325317
0.22905290126800537
0.23742657899856567
0.22979319095611572
0.23789888620376587
0.22695569694042206
0.2207682728767395
0.22300150990486145
0.23747920989990234
0.2401045262813568
0.23548421263694763
0.2258581817150116
0.22530579566955566
0.2269287109375
0.2272239476442337
0.22099892795085907
0.2316572368144989
0.22805628180503845
0.23381301760673523
0.22701206803321838
0.2339220643043518
0.23294515907764435
0.22304867208003998
0.23176178336143494
0.2459140419960022
0.22925692796707153
0.22603273391723633
0.22614996135234833
0.23903679847717285
0.22651761770248413
0.22051209211349487
0.22603219747543335
0.2268972247838974
0.22900041937828064
0.2354755997657776
0.2328527420759201
0.2302875816822052
0.232153981924057
0.2355276644229889
0.23789818584918976
0.23124197125434875
0.21235518157482147
0.23546087741851807
0.22705012559890747
0.2213563621044159
0.22982047498226166
0.2235579490661621
0.2376062273979187
0.22671382129192352
0.21396717429161072
0.22863849997520447
0.23193946480751038
0.2306150197982788
0.23100925981998444
0.2379911243915558
0.2231789231300354
0.22478064894676208
0.22734126448631287
0.23136094212532043
0.21695227921009064
0.2360256314277649
0.23258553445339203
0.23867657780647278
0.2255745530128479
0.2350272834300995
0.22842475771903992
0.23248732089996338
0.21871128678321838
0.22963839769363403
0.23282094299793243
0.2271430939435959
0.21113619208335876
0.238701730966568
0.2249394953250885
0.22237388789653778
0.23728275299072266
0.2264575958251953
0.2375829666852951
0.2351660430431366
0.22464482486248016
0.22479107975959778
0.23790794610977173
0.2322647124528885
0.23601886630058289
0.2426488697528839
0.22009456157684326
0.235393226146698
0.22704118490219116
0.2266186773777008
0.22366759181022644
0.22915378212928772
0.22736650705337524
0.23918016254901886
0.246988445520401
0.23395627737045288
0.22878652811050415
0.22645148634910583
0.23059043288230896
0.2179354578256607
0.2417088747024536
0.22743278741836548
0.2293677181005478
0.22461624443531036
0.2204124927520752
0.22494520246982574
0.22420001029968262
0.22564926743507385
0.23205843567848206
0.2235049456357956
0.21926850080490112
0.22856593132019043
0.2383660078048706
0.22330385446548462
0.2209998369216919
0.2320706993341446
0.22665348649024963
0.22693666815757751
0.2299364060163498
0.23268702626228333
0.23947998881340027
0.2207118570804596
0.23102518916130066
0.22145622968673706
0.22791340947151184
0.22274664044380188
0.22291603684425354
0.23754724860191345
0.2309923768043518
0.22315256297588348
0.23371323943138123
0.22619500756263733
0.21334011852741241
0.24278764426708221
0.230076402425766
0.23713693022727966
0.2327025681734085
0.22131842374801636
0.22938141226768494
0.23131924867630005
0.2177959382534027
0.24432706832885742
0.21839658915996552
0.2299734652042389
0.22355273365974426
0.23472553491592407
0.2294386774301529
0.22116684913635254
0.238969624042511
0.23437325656414032
0.22687754034996033
0.22715860605239868
0.22590753436088562
0.2373230904340744
0.22334113717079163
0.2117684781551361
0.2190670371055603
0.2292901575565338
0.2324007749557495
0.23272043466567993
0.22588306665420532
0.22357842326164246
0.22131463885307312
0.2277926206588745
0.21984320878982544
0.24089889228343964
0.23235547542572021
0.2313334345817566
0.23466667532920837
0.21910503506660461
0.2311505675315857
0.23660439252853394
0.22631019353866577
0.23468095064163208
0.22975173592567444
0.20795899629592896
0.22867131233215332
0.23107150197029114
0.2253912091255188
0.23614297807216644
0.24312147498130798
0.20687566697597504
0.21853268146514893
0.2310689240694046
0.22939026355743408
0.23121201992034912
0.22443845868110657
0.23241323232650757
0.23325401544570923
0.22991710901260376
0.22013190388679504
0.24343320727348328
0.2325844019651413
0.2166515290737152
0.21916906535625458
0.22227492928504944
0.23058442771434784
0.23643580079078674
0.2354644536972046
0.230219304561615
0.20900017023086548
0.22033244371414185
0.22612962126731873
0.22981873154640198
0.24287936091423035
0.22551220655441284
0.22951316833496094
0.230747252702713
0.22692450881004333
0.22726798057556152
0.23389607667922974
0.2255941927433014
0.23233847320079803
0.22152288258075714
0.23506036400794983
0.22939567267894745
0.23843905329704285
0.214072123169899
0.23661327362060547
0.22581948339939117
0.22856292128562927
0.23039165139198303
0.21525850892066956
0.23422034084796906
0.22527334094047546
0.23775586485862732
0.23923403024673462
0.22977465391159058
0.21871906518936157
0.2409105747938156
0.23197169601917267
0.21567915380001068
0.23020976781845093
0.2237716019153595
0.22599756717681885
0.2236529290676117
0.22723504900932312
0.22593148052692413
0.22586703300476074
0.2405768632888794
0.21723869442939758
0.2432994246482849
0.22567954659461975
0.23044684529304504
0.23083791136741638
0.23389673233032227
0.23273319005966187
0.2175745666027069
0.22941140830516815
0.22096914052963257
0.23067732155323029
0.2251969575881958
0.23241326212882996
0.2145429253578186
0.22805830836296082
0.2261318862438202
0.22828717529773712
0.23108425736427307
0.24619221687316895
0.23711596429347992
0.22293144464492798
0.22216743230819702
0.22398589551448822
0.23268896341323853
0.2249436378479004
0.22761443257331848
0.2332044094800949
0.23598653078079224
0.2353828251361847
0.2337113320827484
0.23966717720031738
0.2244439423084259
0.2332991659641266
0.23710590600967407
0.2317269742488861
0.219864159822464
0.23491248488426208
0.22802183032035828
0.23198039829730988
0.2267131507396698
0.224351704120636
0.23239757120609283
0.21221719682216644
0.22455283999443054
0.22154758870601654
0.2300654947757721
0.2230319082736969
0.2350887656211853
0.22454777359962463
0.22101475298404694
0.22946253418922424
0.2191934585571289
0.22122028470039368
0.2286718487739563
0.2308482527732849
0.2291291058063507
0.22494474053382874
0.23314794898033142
0.23515751957893372
0.21593281626701355
0.23056304454803467
0.2450777292251587
0.21801292896270752
0.2273346334695816
0.22763490676879883
0.23056800663471222
0.22824637591838837
0.22258883714675903
0.22000378370285034
0.22714491188526154
0.2299184501171112
0.23050537705421448
0.23135757446289062
0.2247922122478485
0.22541235387325287
0.22367948293685913
0.2262752205133438
0.23510485887527466
0.2215154469013214
0.22930289804935455
0.2335597574710846
0.2273758053779602
0.22488002479076385
0.21853497624397278
0.2359190583229065
0.23259034752845764
0.21510083973407745
0.23099073767662048
0.2261921763420105
0.23128153383731842
0.22472360730171204
0.21687737107276917
0.2179163098335266
0.23855143785476685
0.21281269192695618
0.23106637597084045
0.23979109525680542
0.22871384024620056
0.221689373254776
0.22922632098197937
0.22300255298614502
0.2287798970937729
0.22384342551231384
0.22847360372543335
0.21950587630271912
0.2157054990530014
0.22528646886348724
0.2315446436405182
0.2256329357624054
0.23794546723365784
0.22008877992630005
0.2190365195274353
0.2211730033159256
0.21912822127342224
0.24091836810112
0.22090229392051697
0.23309126496315002
0.23080819845199585
0.2239094376564026
0.22919610142707825
0.2280387133359909
0.2340632677078247
0.22115525603294373
0.22521793842315674
0.21884030103683472
0.20805373787879944
0.2316495031118393
0.2261658012866974
0.21789322793483734
0.23022013902664185
0.22956305742263794
0.2158428132534027
0.22621428966522217
0.25249046087265015
0.22356903553009033
0.23061159253120422
0.24364984035491943
0.22101831436157227
0.2232358455657959
0.23189198970794678
0.2321053296327591
0.22901439666748047
0.21802203357219696
0.22297132015228271
0.2257833629846573
0.22632162272930145
0.22428855299949646
0.2237805277109146
0.22825805842876434
0.2348046898841858
0.22939364612102509
0.23898634314537048
0.21181920170783997
0.21848070621490479
0.22533151507377625
0.2124316394329071
0.21759489178657532
0.21587729454040527
0.2326202392578125
0.23436862230300903
0.2232140600681305
0.2243334949016571
0.2190805822610855
0.23294341564178467
0.2362232506275177
0.2177613377571106
0.2232896089553833
0.22367027401924133
0.23451340198516846
0.22793439030647278
0.22686058282852173
0.23071840405464172
0.2256413847208023
0.23363614082336426
0.21950681507587433
0.24477919936180115
0.22276237607002258
0.23062849044799805
0.2243618220090866
0.21692897379398346
0.2324119508266449
0.23155337572097778
0.22500480711460114
0.22762787342071533
0.22556251287460327
0.22555939853191376
0.21622616052627563
0.22668196260929108
0.23105129599571228
0.22173452377319336
0.23168838024139404
0.22901666164398193
0.23262286186218262
0.23053696751594543
0.22114551067352295
0.21929743885993958
0.21989136934280396
0.22381427884101868
0.22711312770843506
0.2212759256362915
0.23196059465408325
0.21728810667991638
0.21483732759952545
0.23526065051555634
0.2266310453414917
0.22885406017303467
0.22381752729415894
0.23491963744163513
0.22031265497207642
0.23616108298301697
0.2263835370540619
0.23013809323310852
0.21746867895126343
0.2277255654335022
0.2322007417678833
0.22202977538108826
0.22879905998706818
0.22544345259666443
0.21841178834438324
0.2292778044939041
0.2227279543876648
0.22075903415679932
0.21416690945625305
0.2180432379245758
0.2486451268196106
0.2310616374015808
0.23642009496688843
0.22300094366073608
0.22814589738845825
0.2253330647945404
0.214918315410614
0.21514055132865906
0.22381551563739777
0.22149747610092163
0.22296962141990662
0.22128242254257202
0.25517570972442627
0.23001962900161743
0.2150973081588745
0.21813422441482544
0.22753974795341492
0.2142457365989685
0.2438293695449829
0.22463196516036987
0.22111523151397705
0.23503367602825165
0.21487432718276978
0.2220429629087448
0.2328917682170868
0.21941323578357697
0.22402983903884888
0.21499072015285492
0.23324884474277496
0.22750917077064514
0.23326626420021057
0.2438906878232956
0.2209332436323166
0.23304876685142517
0.23766426742076874
0.22910918295383453
0.24378858506679535
0.2241402268409729
0.22466060519218445
0.22160395979881287
0.2172856330871582
0.24053210020065308
0.2155485302209854
0.21685007214546204
0.2219909131526947
0.223880335688591
0.23043851554393768
0.21811504662036896
0.2290964126586914
0.22464317083358765
0.23164108395576477
0.23673942685127258
0.22420603036880493
0.2195289433002472
0.22727832198143005
0.2143433541059494
0.217142716050148
0.2216658592224121
0.2324983775615692
0.22289055585861206
0.22550907731056213
0.2365320324897766
0.2195178121328354
0.2357129454612732
0.214729905128479
0.225747212767601
