Mean Rank: 13, 3
Mean RR: 0.2203, 0.7625
Hit@1: 0.0756, 0.6301
Hit@3: 0.2194, 0.8729
Hit@5: 0.3434, 0.9138
Hit@10: 0.5756, 0.9614
0.8083121180534363
0.7551175355911255
0.7842082381248474
0.6610689759254456
0.6088008880615234
0.53260338306427
0.520856499671936
0.49378329515457153
0.45765799283981323
0.4201561212539673
0.3859032690525055
0.358634889125824
0.3688039183616638
0.3713688254356384
0.35612279176712036
0.3419424295425415
0.32567816972732544
0.31165164709091187
0.31036198139190674
0.30026617646217346
0.2841591238975525
0.2809181213378906
0.2899540364742279
0.2939450442790985
0.28298723697662354
0.2846485376358032
0.26429516077041626
0.2659362852573395
0.2730022072792053
0.28179970383644104
0.24675723910331726
0.2572750747203827
0.2441285103559494
0.259085476398468
0.24589903652668
0.24725691974163055
0.2513607144355774
0.25385570526123047
0.2544630765914917
0.26250624656677246
0.24425135552883148
0.24337701499462128
0.22514551877975464
0.23719751834869385
0.23453596234321594
0.24113821983337402
0.24179163575172424
0.24044299125671387
0.23592668771743774
0.2325192093849182
0.22563429176807404
0.2422237992286682
0.23613162338733673
0.22814959287643433
0.24545513093471527
0.2237837314605713
0.23758187890052795
0.2194107621908188
0.2287273108959198
0.22499704360961914
0.23123101890087128
0.2268127202987671
0.21028803288936615
0.22681459784507751
0.22633588314056396
0.21521058678627014
0.21868856251239777
0.2212236523628235
0.2337120771408081
0.22042882442474365
0.20883843302726746
0.21884402632713318
0.20810426771640778
0.22038158774375916
0.21236839890480042
0.22552764415740967
0.21496470272541046
0.213646799325943
0.21729503571987152
0.21729186177253723
0.21459436416625977
0.20698146522045135
0.20903247594833374
0.21019577980041504
0.2195912003517151
0.2150748074054718
0.2246144413948059
0.2122499793767929
0.21925562620162964
0.21407392621040344
0.20331323146820068
0.21061289310455322
0.22299611568450928
0.2131660282611847
0.21410714089870453
0.2216002643108368
0.21605323255062103
0.20399296283721924
0.21029387414455414
0.20473873615264893
0.2005915641784668
0.20320792496204376
0.203260600566864
0.19461806118488312
0.2085709273815155
0.2099238634109497
0.20380572974681854
0.2140616774559021
0.21044892072677612
0.21164311468601227
0.19711405038833618
0.1997288167476654
0.20643316209316254
0.2129857838153839
0.20095288753509521
0.20915734767913818
0.20216402411460876
0.20856055617332458
0.19750410318374634
0.20706722140312195
0.1971525102853775
0.19257357716560364
0.19498631358146667
0.21763980388641357
0.20245373249053955
0.20435550808906555
0.2016129344701767
0.20650902390480042
0.20331986248493195
0.21244210004806519
0.20206645131111145
0.19502386450767517
0.1962839663028717
0.19495025277137756
0.1983749121427536
0.20980438590049744
0.20230484008789062
0.19140642881393433
0.20075128972530365
0.2034820318222046
0.20306627452373505
0.19279560446739197
0.20427539944648743
0.19907251000404358
0.19342219829559326
0.18115609884262085
0.21301060914993286
0.1984112560749054
0.19531339406967163
0.20854704082012177
0.19975760579109192
0.18808171153068542
0.1992068737745285
0.19144706428050995
0.20808421075344086
0.20853278040885925
0.1935611218214035
0.2021389752626419
0.19018849730491638
0.20188507437705994
0.20583775639533997
0.18917664885520935
0.196104034781456
0.18233394622802734
0.20493094623088837
0.19913119077682495
0.20306800305843353
0.1952042430639267
0.2096419632434845
0.2086157351732254
0.19821275770664215
0.19533148407936096
0.19981543719768524
0.1939367800951004
0.20557835698127747
0.20417901873588562
0.19063472747802734
0.2102820724248886
0.20312324166297913
0.19348058104515076
0.19436746835708618
0.19365964829921722
0.19678406417369843
0.18912556767463684
0.1912359893321991
0.20200631022453308
0.21197977662086487
0.2095644176006317
0.20004090666770935
0.19007709622383118
0.20207783579826355
0.1942843794822693
0.18778418004512787
0.19039055705070496
0.20249825716018677
0.19295291602611542
0.1988515406847
0.21217875182628632
0.1855146586894989
0.18791359663009644
0.1920725703239441
0.18853282928466797
0.19341802597045898
0.20286114513874054
0.19942784309387207
0.20114506781101227
0.19495463371276855
0.1997361034154892
0.18969154357910156
0.1782332956790924
0.19066505134105682
0.2004755139350891
0.19107404351234436
0.2024492770433426
0.20090068876743317
0.18416184186935425
0.19635426998138428
0.19389402866363525
0.19840624928474426
0.1942368745803833
0.19752663373947144
0.1961972713470459
0.193542942404747
0.18849146366119385
0.19842827320098877
0.19687017798423767
0.18749357759952545
0.18426689505577087
0.18891412019729614
0.2003033310174942
0.18464307487010956
0.18909552693367004
0.18766343593597412
0.1911168098449707
0.18958064913749695
0.18968872725963593
0.18801981210708618
0.20553618669509888
0.1916617751121521
0.19857293367385864
0.18326988816261292
0.1881519854068756
0.189620703458786
0.19483432173728943
0.19080378115177155
0.2064482569694519
0.19762974977493286
0.18474295735359192
0.18326520919799805
0.19976869225502014
0.1833885759115219
0.1846761256456375
0.17990359663963318
0.19804999232292175
0.19605180621147156
0.18907201290130615
0.1799435317516327
0.18891766667366028
0.2000064104795456
0.1928575485944748
0.18160083889961243
0.184520423412323
0.18021363019943237
0.18456867337226868
0.1955462247133255
0.1970694363117218
0.1970052570104599
0.19108185172080994
0.197698712348938
0.19541221857070923
0.1856425702571869
0.18999066948890686
0.18677379190921783
0.18569572269916534
0.19348689913749695
0.18983182311058044
0.20541168749332428
0.19464316964149475
0.1947634220123291
0.190951868891716
0.17815865576267242
0.1924939751625061
0.1890384554862976
0.18618901073932648
0.18348361551761627
0.1893051564693451
0.19277141988277435
0.1930142492055893
0.18712902069091797
0.19376730918884277
0.17563211917877197
0.182349294424057
0.1837873011827469
0.19996631145477295
0.18495392799377441
0.188486710190773
0.19593316316604614
0.20212611556053162
0.20159552991390228
0.19088202714920044
0.18727131187915802
0.19232189655303955
0.1824265718460083
0.19200745224952698
0.18076464533805847
0.18822219967842102
0.1846265345811844
0.18970182538032532
0.19604748487472534
0.1967255175113678
0.1823413074016571
0.18549755215644836
0.19789014756679535
0.18163852393627167
0.17795784771442413
0.18881583213806152
0.19124984741210938
0.1967448741197586
0.1928040236234665
0.19141873717308044
0.19093802571296692
0.18440213799476624
0.17652347683906555
0.18242430686950684
0.19532108306884766
0.190533846616745
0.18136557936668396
0.19171732664108276
0.18476739525794983
0.19279390573501587
0.18748679757118225
0.18726134300231934
0.17917203903198242
0.19365127384662628
0.18536539375782013
0.19766290485858917
0.2000281810760498
0.1893884390592575
0.18701383471488953
0.18889431655406952
0.1861659288406372
0.17212370038032532
0.19769394397735596
0.18536046147346497
0.19592821598052979
0.18550515174865723
0.186186283826828
0.18283873796463013
0.19731953740119934
0.18762743473052979
0.1797395497560501
0.1843252182006836
0.18944647908210754
0.1939702332019806
0.18710242211818695
0.1838633418083191
0.18499977886676788
0.1905222088098526
0.1924227923154831
0.1937224268913269
0.17483380436897278
0.18546247482299805
0.18711644411087036
0.18068097531795502
0.1824924498796463
0.19474032521247864
0.18472611904144287
0.1944960355758667
0.18644621968269348
0.19658170640468597
0.18823063373565674
0.18877944350242615
0.18309341371059418
0.18439364433288574
0.18795181810855865
0.19066698849201202
0.17171873152256012
0.18411582708358765
0.1843183934688568
0.18785881996154785
0.19783519208431244
0.1841622292995453
0.185031920671463
0.19378183782100677
0.19188371300697327
0.18724147975444794
0.18813490867614746
0.18249636888504028
0.19647268950939178
0.1842241734266281
0.17649807035923004
0.18237367272377014
0.19003941118717194
0.18305662274360657
0.19813615083694458
0.1818835437297821
0.1899707168340683
0.2006600946187973
0.18105092644691467
0.18734541535377502
0.18541380763053894
0.18430417776107788
0.18661165237426758
0.1846977025270462
0.19450779259204865
0.1951548308134079
0.1741832196712494
0.18182142078876495
0.1918356716632843
0.1831628680229187
0.17919492721557617
0.18746665120124817
0.18431508541107178
0.18069803714752197
0.19653242826461792
0.18558743596076965
0.20096904039382935
0.18674807250499725
0.1827215850353241
0.17612814903259277
0.1780691146850586
0.18271471560001373
0.18369662761688232
0.18196791410446167
0.18906128406524658
0.19279423356056213
0.19522006809711456
0.18606603145599365
0.18509259819984436
0.19020886719226837
0.1815578043460846
0.18609784543514252
0.17247803509235382
0.18592870235443115
0.19039547443389893
0.1894369125366211
0.19003750383853912
0.19458463788032532
0.18053144216537476
0.18356627225875854
0.18133237957954407
0.1885806918144226
0.1873592585325241
0.17887577414512634
0.18981026113033295
0.1872195601463318
0.17898760735988617
0.17795154452323914
0.20045563578605652
0.18178555369377136
0.18270139396190643
0.1699526309967041
0.18803663551807404
0.18738411366939545
0.17805863916873932
0.19732043147087097
0.18561610579490662
0.18620292842388153
0.19646543264389038
0.18280473351478577
0.18118175864219666
0.18573953211307526
0.18464884161949158
0.1788141280412674
0.19681283831596375
0.19004277884960175
0.1805558204650879
0.1793789267539978
0.1872165948152542
0.18496766686439514
0.18364325165748596
0.2011648267507553
0.1857171505689621
0.18899594247341156
0.17985723912715912
0.18409931659698486
0.18877896666526794
0.17237526178359985
0.18305805325508118
0.18186649680137634
0.17596349120140076
0.1709166169166565
0.19962264597415924
0.1815071403980255
0.17531076073646545
0.18435414135456085
0.19698837399482727
0.18182708323001862
0.19504548609256744
0.18457692861557007
0.1703130304813385
0.18165132403373718
0.1852063536643982
0.18481726944446564
0.18097876012325287
0.19469782710075378
0.1930331438779831
0.1827717125415802
0.18279340863227844
0.2002405822277069
0.17726615071296692
0.19518260657787323
0.196824312210083
0.188572958111763
0.18569594621658325
0.18321584165096283
0.17558780312538147
0.18168851733207703
0.18086250126361847
0.1854710876941681
0.18534725904464722
0.18714639544487
0.18972694873809814
0.17402291297912598
0.17925381660461426
0.1939416527748108
0.18824920058250427
0.18893498182296753
0.18082401156425476
0.18591246008872986
0.18026351928710938
0.18276764452457428
0.17854714393615723
0.18445450067520142
0.1820659041404724
0.18519280850887299
0.17462629079818726
0.1864234209060669
0.2021380364894867
0.18036353588104248
0.1762172430753708
0.18305595219135284
0.19327878952026367
0.17798230051994324
0.1799611896276474
0.18877610564231873
0.1855209916830063
0.1819235235452652
0.18834082782268524
0.19065675139427185
0.1872113198041916
0.17285548150539398
0.17746777832508087
0.1772923767566681
0.1821592152118683
0.18589141964912415
0.18106180429458618
0.1893320083618164
0.19223332405090332
0.1908021718263626
0.1823885440826416
0.1829523891210556
0.1818459928035736
0.18688111007213593
0.18172819912433624
0.19004540145397186
0.18318651616573334
0.18988695740699768
0.17271718382835388
0.17463597655296326
0.1847493052482605
0.18603786826133728
0.18733975291252136
0.1841920018196106
0.18265795707702637
0.1815423220396042
0.1926898956298828
0.1752133071422577
0.17581772804260254
0.18672308325767517
0.18177247047424316
0.17682240903377533
0.1760224997997284
0.18411055207252502
0.18509846925735474
0.18350428342819214
0.1866377294063568
0.18242338299751282
0.17474016547203064
0.1901681125164032
0.1725425273180008
0.17310385406017303
0.18656423687934875
0.17801061272621155
0.18202835321426392
0.1898701786994934
0.18092113733291626
0.1914793848991394
0.1839674711227417
0.18061676621437073
0.17696329951286316
0.17852935194969177
0.18247130513191223
0.20229923725128174
0.1787632703781128
0.17502035200595856
0.1939171552658081
0.1772126853466034
0.18579354882240295
0.18299704790115356
0.1706656515598297
0.18067443370819092
0.1803777813911438
0.17539353668689728
0.1860349029302597
0.1765497624874115
0.17938455939292908
0.1904481053352356
0.187396839261055
0.18994203209877014
0.1919604241847992
0.1835787147283554
0.18009325861930847
0.17384512722492218
0.18213596940040588
0.19535799324512482
0.17992179095745087
0.1804538071155548
0.1857084035873413
0.18633663654327393
0.18059614300727844
0.16396167874336243
0.17299123108386993
0.18103647232055664
0.18711283802986145
0.18903636932373047
0.17333149909973145
0.18615055084228516
0.1901097595691681
0.18410441279411316
0.180938720703125
0.18415695428848267
0.17232945561408997
0.19159065186977386
0.16632845997810364
0.17635999619960785
0.1848360002040863
0.18717852234840393
0.17157188057899475
0.18848000466823578
0.17287135124206543
0.1824140101671219
0.1949722021818161
0.17985627055168152
0.1711384356021881
0.18412336707115173
0.16528984904289246
0.1857275515794754
0.18548515439033508
0.18582192063331604
0.17725998163223267
0.17363618314266205
0.18778930604457855
0.17192532122135162
0.17765749990940094
0.18149790167808533
0.18119601905345917
0.1844758689403534
0.18657144904136658
0.1778116226196289
0.18511049449443817
0.18515454232692719
0.17884507775306702
0.1958519071340561
0.18071523308753967
0.19081361591815948
0.17624182999134064
0.18583132326602936
0.17797979712486267
0.17229290306568146
0.17045700550079346
0.18232358992099762
0.17771834135055542
0.17345772683620453
0.17801472544670105
0.17241878807544708
0.19038259983062744
0.18763752281665802
0.18648803234100342
0.17824696004390717
0.1866108775138855
0.17872920632362366
0.17768321931362152
0.1756657510995865
0.17734724283218384
0.18074198067188263
0.17456920444965363
0.17629718780517578
0.19649255275726318
0.18001583218574524
0.17783711850643158
0.1811496764421463
0.19010204076766968
0.18652182817459106
0.19610314071178436
0.18078505992889404
0.17077992856502533
0.17595398426055908
0.1786172091960907
0.1755305528640747
0.17063964903354645
0.17566946148872375
0.174675852060318
0.1858913004398346
0.18639406561851501
0.1729937493801117
0.18481537699699402
0.17223656177520752
0.191219300031662
0.18318390846252441
0.17770972847938538
0.1756347119808197
0.16988401114940643
0.17229074239730835
0.1727885901927948
0.175689697265625
0.18628735840320587
0.1830424815416336
0.18706338107585907
0.18902885913848877
0.18636295199394226
0.18564540147781372
0.17979252338409424
0.1729259043931961
0.18650072813034058
0.1806175261735916
0.16845884919166565
0.1771983504295349
0.1824992597103119
0.18677042424678802
0.1761970818042755
0.17520396411418915
0.1726759672164917
0.19379985332489014
0.18643172085285187
0.17769506573677063
0.1757357269525528
0.17351406812667847
0.17874613404273987
0.18567463755607605
0.17562876641750336
0.172776460647583
0.17675232887268066
0.18357707560062408
0.17568790912628174
0.18426193296909332
0.1714726984500885
0.17601579427719116
0.18091580271720886
0.19714882969856262
0.190931499004364
0.17451678216457367
0.17117780447006226
0.1755395084619522
0.18532082438468933
0.17932097613811493
0.16912458837032318
0.17067764699459076
0.19072672724723816
0.16906309127807617
0.18484705686569214
0.1713956594467163
0.18297222256660461
0.16957572102546692
0.17528745532035828
0.17768371105194092
0.18253645300865173
0.18750569224357605
0.182607501745224
0.18186339735984802
0.17766252160072327
0.17220953106880188
0.1876179575920105
0.18417967855930328
0.18995270133018494
0.17768371105194092
0.1842373162508011
0.18046820163726807
0.16768190264701843
0.18254224956035614
0.17902646958827972
0.16721269488334656
0.18097731471061707
0.17896273732185364
0.17356327176094055
0.1758725643157959
0.17163118720054626
0.17632591724395752
0.19360017776489258
0.186842143535614
0.17055116593837738
0.17416515946388245
0.17528608441352844
0.18197955191135406
0.1850607842206955
0.1792265921831131
0.17681270837783813
0.18369752168655396
0.17529696226119995
0.183679461479187
0.17821004986763
0.16992336511611938
0.1778596192598343
0.175566166639328
0.18946081399917603
0.17333072423934937
0.17766356468200684
0.18344488739967346
0.17778216302394867
0.18152089416980743
0.17296165227890015
0.18247005343437195
0.1785367727279663
0.1764148622751236
0.16722866892814636
0.1873408854007721
0.17745202779769897
0.19404461979866028
0.1749294400215149
0.17009864747524261
0.18649940192699432
0.16621015965938568
0.178197979927063
0.17273220419883728
0.18985053896903992
0.19025954604148865
0.17963150143623352
0.16617701947689056
0.1777997463941574
0.17672643065452576
0.16817021369934082
0.17402195930480957
0.17198452353477478
0.1831761598587036
0.18752562999725342
0.17763873934745789
0.16981101036071777
0.1799023151397705
0.16926458477973938
0.20376744866371155
0.18000191450119019
0.176632821559906
0.18252649903297424
0.18321405351161957
0.1719719022512436
0.17814932763576508
0.1650833934545517
0.18691740930080414
0.18020513653755188
0.17447540163993835
0.1815876066684723
0.1772748976945877
0.17797128856182098
0.16864752769470215
0.178537517786026
0.18170708417892456
0.17964114248752594
0.18226122856140137
0.1734439581632614
0.1817341148853302
0.17409847676753998
0.1797274351119995
0.1785666048526764
0.17489439249038696
0.1784091591835022
0.18563061952590942
0.17963194847106934
0.18725207448005676
0.16287197172641754
0.18018826842308044
0.1683024913072586
0.1823369562625885
0.17380353808403015
0.17474541068077087
0.19704443216323853
0.1759677231311798
0.17307360470294952
0.16616514325141907
0.18431712687015533
0.17417964339256287
0.17253485321998596
0.17648857831954956
0.17522238194942474
0.18044281005859375
0.17546120285987854
0.17584630846977234
0.18431256711483002
0.18064524233341217
0.1812269389629364
0.18263201415538788
0.17984539270401
0.1699007749557495
0.1750182807445526
0.1816767305135727
0.17389719188213348
0.1678636074066162
0.17506451904773712
0.17546045780181885
0.17837277054786682
0.17318794131278992
0.1793382465839386
0.1687084287405014
0.1742369532585144
0.18162298202514648
0.17403489351272583
0.1783381700515747
0.1860065907239914
0.16727295517921448
0.1862083077430725
0.1867467314004898
0.16949249804019928
0.19251513481140137
0.1887350231409073
0.16175945103168488
0.17449581623077393
0.17009159922599792
0.17287449538707733
0.1805368959903717
0.17268911004066467
0.17359381914138794
0.16990460455417633
0.1720493882894516
0.1679297387599945
0.177147775888443
0.17702336609363556
0.17698700726032257
0.17588531970977783
0.17050956189632416
0.17508888244628906
0.18823373317718506
0.18452061712741852
0.17472335696220398
0.1751035451889038
0.17220401763916016
0.16281816363334656
0.1740170419216156
0.1726091355085373
0.19012343883514404
0.19094502925872803
0.1749378740787506
0.18255136907100677
0.17287254333496094
0.17452549934387207
0.17828890681266785
0.17213653028011322
0.1721755862236023
0.18067491054534912
0.17529714107513428
0.18866349756717682
0.16635775566101074
0.1642303466796875
0.1736641824245453
0.18282628059387207
0.17325575649738312
0.18826670944690704
0.1835000216960907
0.17753808200359344
0.17414450645446777
0.16945227980613708
0.18341851234436035
0.1705850064754486
0.1844472885131836
0.16466781497001648
0.17694152891635895
0.17125779390335083
0.17513275146484375
0.16710281372070312
0.1725008189678192
0.18999174237251282
0.18372192978858948
0.1695519983768463
0.1735425591468811
0.1698237657546997
0.17521238327026367
0.18094362318515778
0.17334339022636414
0.18955834209918976
0.18038710951805115
0.18297335505485535
0.17605675756931305
0.17829068005084991
0.18565383553504944
0.16736647486686707
0.1711011826992035
0.17961084842681885
0.18165481090545654
0.17353801429271698
0.17056012153625488
0.17033538222312927
0.17789378762245178
0.17518562078475952
0.17221617698669434
0.16678521037101746
0.18265654146671295
0.1808505803346634
0.17642883956432343
0.17667776346206665
0.17210732400417328
0.17260518670082092
0.1833917498588562
