training time  528.3213629722595

Mean Rank: 12, 2
Mean RR: 0.2208, 0.7744
Hit@1: 0.0756, 0.6460
Hit@3: 0.2209, 0.9153
Hit@5: 0.3578, 0.9690
Hit@10: 0.6059, 0.9849
0.7015547752380371
0.7012594938278198
0.6991366147994995
0.697360634803772
0.6958569288253784
0.6952950954437256
0.6945555210113525
0.6941854953765869
0.6938186883926392
0.6933127045631409
0.6921413540840149
0.6913564801216125
0.6898885369300842
0.6872937679290771
0.6839829683303833
0.6819345355033875
0.6762932538986206
0.6738662719726562
0.6710631251335144
0.666217029094696
0.6643983125686646
0.6585597991943359
0.6575948596000671
0.6477839350700378
0.6410085558891296
0.6413077116012573
0.6433315873146057
0.6453371644020081
0.632337212562561
0.630340039730072
0.6253520846366882
0.6187573075294495
0.6233436465263367
0.6162711381912231
0.6126185655593872
0.608774721622467
0.6146019101142883
0.6077116131782532
0.6120879054069519
0.5937302112579346
0.6005167961120605
0.5882415175437927
0.5858652591705322
0.5808511972427368
0.5648667812347412
0.5710908770561218
0.5563839077949524
0.5474017262458801
0.5525615215301514
0.5294114351272583
0.5209341645240784
0.5138254761695862
0.5150154829025269
0.506392776966095
0.492399662733078
0.4891583323478699
0.48441505432128906
0.48558080196380615
0.47332701086997986
0.46759486198425293
0.4486848711967468
0.4522891640663147
0.44976574182510376
0.439454585313797
0.43654242157936096
0.4270442724227905
0.4304502010345459
0.42940932512283325
0.43463337421417236
0.42657670378685
0.4331526458263397
0.41079914569854736
0.4156266152858734
0.4087826907634735
0.4309632182121277
0.4064958393573761
0.4132656157016754
0.40258142352104187
0.38743847608566284
0.4010041058063507
0.4000449478626251
0.3929789066314697
0.37818875908851624
0.4005321264266968
0.3811394274234772
0.4062819480895996
0.3843277096748352
0.39150270819664
0.401998907327652
0.38984814286231995
0.3867475986480713
0.38802602887153625
0.3956352770328522
0.37207359075546265
0.3754323422908783
0.37520545721054077
0.38237231969833374
0.3771585524082184
0.38169699907302856
0.3823666572570801
0.36729443073272705
0.37931299209594727
0.38059303164482117
0.3707479238510132
0.38200464844703674
0.3780732750892639
0.36277446150779724
0.35415858030319214
0.3929389715194702
0.37255802750587463
0.3667004108428955
0.37691375613212585
0.36202579736709595
0.3739551305770874
0.36286699771881104
0.3774692118167877
0.35839134454727173
0.36062055826187134
0.3564712107181549
0.37622228264808655
0.3581412136554718
0.3502679765224457
0.36863553524017334
0.3838732838630676
0.36096060276031494
0.3627849221229553
0.36556386947631836
0.3706001937389374
0.3614306151866913
0.35095125436782837
0.35457396507263184
0.36891624331474304
0.34683912992477417
0.35608571767807007
0.3506179749965668
0.35369110107421875
0.3666713833808899
0.3617147207260132
0.35116684436798096
0.36207154393196106
0.3499879837036133
0.3712337911128998
0.3430885672569275
0.3638293445110321
0.36613696813583374
0.3589211106300354
0.35261404514312744
0.3569173216819763
0.3602769374847412
0.352444589138031
0.3382485806941986
0.3464963138103485
0.3581467270851135
0.35608160495758057
0.36270585656166077
0.33347225189208984
0.3572688698768616
0.3723054528236389
0.34679827094078064
0.32907992601394653
0.343676894903183
0.34132635593414307
0.3448823094367981
0.36550354957580566
0.3534078001976013
0.35987985134124756
0.3418712615966797
0.3325349986553192
0.3675975799560547
0.3438812494277954
0.36234503984451294
0.34964853525161743
0.3577730059623718
0.33852332830429077
0.35510754585266113
0.35707521438598633
0.35099002718925476
0.36245256662368774
0.350862979888916
0.35319769382476807
0.3379499912261963
0.35620272159576416
0.34086042642593384
0.35826748609542847
0.337394118309021
0.3556682765483856
0.3651368021965027
0.3442179262638092
0.3610546588897705
0.3370576798915863
0.3409689962863922
0.3453632891178131
0.3454073667526245
0.3314133882522583
0.342425674200058
0.34844857454299927
0.3387928605079651
0.3480952978134155
0.3563483953475952
0.3444209098815918
0.351378858089447
0.3465578854084015
0.324882835149765
0.3362311124801636
0.3406316041946411
0.34761831164360046
0.3336104452610016
0.3557596504688263
0.33591413497924805
0.35173937678337097
0.3447788655757904
0.34239062666893005
0.35362353920936584
0.33802467584609985
0.3468741178512573
0.331927090883255
0.3516675531864166
0.34221893548965454
0.34508252143859863
0.3314925730228424
0.34370899200439453
0.337584912776947
0.338357150554657
0.3592399060726166
0.34980496764183044
0.3592328429222107
0.3412554860115051
0.3420283794403076
0.34500598907470703
0.33958715200424194
0.34034451842308044
0.3356236219406128
0.353130042552948
0.33021312952041626
0.3493497371673584
0.34112370014190674
0.3298678994178772
0.33880919218063354
0.3407495617866516
0.3501739799976349
0.34230437874794006
0.3359639346599579
0.3487873077392578
0.32750460505485535
0.3440251350402832
0.33618709444999695
0.33759188652038574
0.3315572142601013
0.3553611934185028
0.33522969484329224
0.3310953378677368
0.32677915692329407
0.348524808883667
0.3289516866207123
0.33558040857315063
0.3513869345188141
0.34090033173561096
0.3421955406665802
0.3442623019218445
0.3376607298851013
0.3458675146102905
0.33863532543182373
0.33831992745399475
0.3391167223453522
0.3341277539730072
0.3420720398426056
0.34542545676231384
0.35391178727149963
0.3535000681877136
0.33826562762260437
0.34553611278533936
0.3480881154537201
0.3277416527271271
0.33804985880851746
0.34529876708984375
0.3291883170604706
0.3408951163291931
0.33066681027412415
0.34401020407676697
0.332209050655365
0.34115755558013916
0.33698320388793945
0.31920015811920166
0.34163475036621094
0.33339670300483704
0.33345097303390503
0.3311900794506073
0.3427450358867645
0.3366253674030304
0.34890270233154297
0.34344857931137085
0.3246663808822632
0.335660457611084
0.32551947236061096
0.33154353499412537
0.33905190229415894
0.3393367528915405
0.3438965678215027
0.3337970972061157
0.3351842761039734
0.32907190918922424
0.33425989747047424
0.34124428033828735
0.34672310948371887
0.33611899614334106
0.32377564907073975
0.3314898908138275
0.34201493859291077
0.32709628343582153
0.34249013662338257
0.33328813314437866
0.3378707468509674
0.34281307458877563
0.3383723795413971
0.3405912220478058
0.3194255828857422
0.36110159754753113
0.32434356212615967
0.3452532887458801
0.33910325169563293
0.3215411603450775
0.34560176730155945
0.3321622610092163
0.3312290608882904
0.3405595123767853
0.3341968059539795
0.3323814868927002
0.3543395400047302
0.3396303355693817
0.32829293608665466
0.35030052065849304
0.35001590847969055
0.3242318630218506
0.339221715927124
0.3137280344963074
0.33665624260902405
0.32373908162117004
0.330520898103714
0.33084699511528015
0.3385542035102844
0.33502477407455444
0.3370761275291443
0.3287357687950134
0.3397914469242096
0.33514267206192017
0.33132025599479675
0.3494989573955536
0.3465677499771118
0.3346584141254425
0.3532024919986725
0.34745991230010986
0.3349572420120239
0.3307536840438843
0.3245522677898407
0.317360520362854
0.35157978534698486
0.33505234122276306
0.3223124146461487
0.3440220355987549
0.33248478174209595
0.3360101580619812
0.32860317826271057
0.326018750667572
0.3265072703361511
0.33886176347732544
0.33864620327949524
0.3402937352657318
0.321675568819046
0.33515000343322754
0.3382143974304199
0.32519713044166565
0.32985180616378784
0.33716562390327454
0.3359053134918213
0.33918413519859314
0.3360166847705841
0.32203781604766846
0.3423319458961487
0.33304551243782043
0.34015899896621704
0.3422802984714508
0.3338194191455841
0.3480727970600128
0.3297683000564575
0.32520487904548645
0.33564919233322144
0.33067944645881653
0.3274315297603607
0.3321157693862915
0.3301086127758026
0.3436352610588074
0.34279224276542664
0.3265741467475891
0.3373616635799408
0.3232126832008362
0.3254268765449524
0.3454587459564209
0.32888829708099365
0.30763423442840576
0.33679625391960144
0.33206963539123535
0.33577612042427063
0.33819177746772766
0.33238011598587036
0.31704095005989075
0.3275061249732971
0.34011080861091614
0.32579317688941956
0.3335493206977844
0.3280774652957916
0.3214260935783386
0.3303043842315674
0.32457125186920166
0.31501469016075134
0.32664555311203003
0.33938783407211304
0.34787583351135254
0.3318556845188141
0.32268571853637695
0.3305816650390625
0.35485875606536865
0.33309510350227356
0.3215431272983551
0.32371675968170166
0.32663655281066895
0.3213016986846924
0.3284483551979065
0.3358154892921448
0.3320621848106384
0.3276403546333313
0.34143155813217163
0.32750704884529114
0.3361216187477112
0.322087824344635
0.3348514437675476
0.3377114236354828
0.32494884729385376
0.3382112681865692
0.33609914779663086
0.3420385718345642
0.32204633951187134
0.33025598526000977
0.32610568404197693
0.32948487997055054
0.3270286023616791
0.3412697911262512
0.32484784722328186
0.3430466949939728
0.32448145747184753
0.33071988821029663
0.32632726430892944
0.33075249195098877
0.33605867624282837
0.3281446099281311
0.32968172430992126
0.33298006653785706
0.3380064368247986
0.33255472779273987
0.3347514271736145
0.3289323151111603
0.32973557710647583
0.33880606293678284
0.3318369686603546
0.3371082842350006
0.331375390291214
0.32466816902160645
0.32145339250564575
0.33576855063438416
0.3164485991001129
0.33762115240097046
0.3393171429634094
0.33160775899887085
0.33141055703163147
0.319886714220047
0.3243994116783142
0.3324125409126282
0.3387812376022339
0.3341295123100281
0.33684176206588745
0.326266348361969
0.3139415681362152
0.3190845847129822
0.3256005048751831
0.34111887216567993
0.3224261403083801
0.3325168490409851
0.3390057682991028
0.3065405786037445
0.316406786441803
0.3231028616428375
0.32374197244644165
0.3310321271419525
0.329916387796402
0.3249223530292511
0.3178699314594269
0.3244505226612091
0.33095064759254456
0.32914426922798157
0.3391653895378113
0.35036417841911316
0.32079964876174927
0.32440632581710815
0.327157586812973
0.321494460105896
0.32422196865081787
0.3343433141708374
0.3290283679962158
0.33746376633644104
0.32300227880477905
0.32385802268981934
0.3357754051685333
0.31903013586997986
0.3221653699874878
0.3273520767688751
0.3181999623775482
0.3318191170692444
0.3298507034778595
0.3235071897506714
0.33295828104019165
0.33248671889305115
0.33074039220809937
0.33173617720603943
0.3187922239303589
0.3300747871398926
0.32746249437332153
0.33361685276031494
0.32204315066337585
0.323320597410202
0.3239673972129822
0.3297892212867737
0.3221813142299652
0.31970280408859253
0.3396211862564087
0.33094221353530884
0.34021782875061035
0.33448898792266846
0.33215296268463135
0.3225652575492859
0.3259999454021454
0.33169054985046387
0.3252221345901489
0.3178786039352417
0.31579625606536865
0.32335135340690613
0.3454548418521881
0.3337828516960144
0.3394279181957245
0.3352019786834717
0.3365761935710907
0.3456154763698578
0.3360321521759033
0.30618107318878174
0.3375512361526489
0.3230440616607666
0.34096401929855347
0.3208031952381134
0.3454757332801819
0.3383844494819641
0.32071247696876526
0.3347689211368561
0.3232351839542389
0.32573360204696655
0.3251510262489319
0.31818270683288574
0.3372609615325928
0.34257346391677856
0.33009859919548035
0.3393053710460663
0.3267201781272888
0.3329448103904724
0.3275640606880188
0.32305708527565
0.34390589594841003
0.32529109716415405
0.3151001036167145
0.316153883934021
0.31437012553215027
0.31920647621154785
0.3224722146987915
0.3243086338043213
0.3320609927177429
0.3320910334587097
0.3288605213165283
0.3225204348564148
0.3331998884677887
0.3368300497531891
0.33236804604530334
0.3391205668449402
0.3409605622291565
0.3301844596862793
0.3208852708339691
0.3306935429573059
0.33746618032455444
0.317119300365448
0.3431077301502228
0.3536158800125122
0.33717548847198486
0.330256849527359
0.31683939695358276
0.3330385982990265
0.3115052580833435
0.3299187421798706
0.3344992995262146
0.33379220962524414
0.33133310079574585
0.3323309123516083
0.33007413148880005
0.3253023028373718
0.31421002745628357
0.3268607556819916
0.31440669298171997
0.31879428029060364
0.3233848214149475
0.3245399594306946
0.32169049978256226
0.3249419331550598
0.3234214782714844
0.3243950605392456
0.3387492895126343
0.33118367195129395
0.3200342655181885
0.34424105286598206
0.3133496046066284
0.34950247406959534
0.3389427363872528
0.3315029740333557
0.3272334337234497
0.3161812424659729
0.33474233746528625
0.33841681480407715
0.32836493849754333
0.3359346389770508
0.31744280457496643
0.3194834291934967
0.3242400288581848
0.334517240524292
0.3146976828575134
0.31582337617874146
0.3131960332393646
0.3341695964336395
0.33397769927978516
0.333217591047287
0.31577780842781067
0.333955854177475
0.3429874777793884
0.3257131278514862
0.3160098195075989
0.32442164421081543
0.3380827009677887
0.3215506076812744
0.3326539099216461
0.3366306722164154
0.34258317947387695
0.3353378474712372
0.33710283041000366
0.3272160589694977
0.3260025382041931
0.34259647130966187
0.3181348145008087
0.3230036497116089
0.3121355175971985
0.332119882106781
0.32587629556655884
0.3321881890296936
0.3285255432128906
0.3234827518463135
0.307575523853302
0.33498722314834595
0.3280552923679352
0.32504698634147644
0.33062151074409485
0.3162630498409271
0.32480210065841675
0.32671862840652466
0.3273286521434784
0.3272309899330139
0.33198437094688416
0.3283214569091797
0.3181050419807434
0.32161229848861694
0.3273234963417053
0.31618452072143555
0.3242138624191284
0.3296942114830017
0.3307136297225952
0.3377284109592438
0.31886011362075806
0.3288988471031189
0.32104814052581787
0.31901827454566956
0.32609984278678894
0.3247032165527344
0.32212281227111816
0.3293640911579132
0.3267824351787567
0.3333592712879181
0.3117896020412445
0.34251779317855835
0.32241469621658325
0.3269042670726776
0.3182542622089386
0.32420116662979126
0.3446347117424011
0.3240320086479187
0.3197382390499115
0.32443761825561523
0.3123043477535248
0.31689727306365967
0.3277527987957001
0.3352695107460022
0.3214259147644043
0.33902132511138916
0.32042086124420166
0.33429914712905884
0.3291085958480835
0.32439976930618286
0.3152729272842407
0.31930485367774963
0.3186948299407959
0.31902918219566345
0.3223830461502075
0.3058912456035614
0.3164033889770508
0.3366307318210602
0.3371647298336029
0.31856557726860046
0.31476813554763794
0.3260577321052551
0.31815364956855774
0.32712388038635254
0.3225114345550537
0.32047125697135925
0.3180212676525116
0.3223234713077545
0.32323765754699707
0.32753461599349976
0.32243940234184265
0.33090880513191223
0.32527467608451843
0.3293200135231018
0.3277585804462433
0.32408562302589417
0.31711602210998535
0.3341997265815735
0.33591651916503906
0.32770007848739624
0.3092317581176758
0.32973337173461914
0.3201315999031067
0.31451332569122314
0.3248567581176758
0.3361659049987793
0.3318065404891968
0.3195226490497589
0.3256107270717621
0.3300808370113373
0.32563701272010803
0.325320303440094
0.3144295811653137
0.32093408703804016
0.32646644115448
0.34524235129356384
0.3177981376647949
0.3250579833984375
0.32094767689704895
0.3081923723220825
0.3163071274757385
0.32379335165023804
0.3233114182949066
0.31420934200286865
0.32261601090431213
0.32068994641304016
0.3366117775440216
0.3124965727329254
0.331540048122406
0.315413236618042
0.34604477882385254
0.3062487542629242
0.3302512764930725
0.33249858021736145
0.32487908005714417
0.31653910875320435
0.3214915990829468
0.310327410697937
0.32134348154067993
0.3257182836532593
0.32826167345046997
0.33418744802474976
0.3334757387638092
0.3358825743198395
0.31894150376319885
0.32052648067474365
0.3445615768432617
0.3194003403186798
0.3316915035247803
0.3240811824798584
0.3197600841522217
0.33718565106391907
0.3410129249095917
0.3334551751613617
0.32302790880203247
0.3237880766391754
0.3235936760902405
0.31781327724456787
0.34939438104629517
0.33351367712020874
0.33063575625419617
0.3348366618156433
0.3341853618621826
0.31190842390060425
0.30764466524124146
0.3228193521499634
0.3272086977958679
0.3277488946914673
0.32217395305633545
0.31574565172195435
0.33159053325653076
0.33206337690353394
0.3133618235588074
0.3169310390949249
0.3317130208015442
0.3332579731941223
0.32656633853912354
0.32182756066322327
0.3124982416629791
0.32492533326148987
0.31806236505508423
0.32321134209632874
0.32867467403411865
0.31445613503456116
0.3156401515007019
0.3239341974258423
0.33357664942741394
0.32535305619239807
0.32989686727523804
0.3211355209350586
0.3358948826789856
0.3182603120803833
0.33520784974098206
0.33058154582977295
0.320095956325531
0.3329373300075531
0.3347475528717041
0.3258535861968994
0.3311031758785248
0.3268203139305115
0.3089323043823242
0.3172714114189148
0.3169175386428833
0.3178674876689911
0.3143971562385559
0.3247758448123932
0.3313382565975189
0.3197748064994812
0.3306780457496643
0.344211220741272
0.31393182277679443
0.3204120099544525
0.32398858666419983
0.32737600803375244
0.32213476300239563
0.32342493534088135
0.3086906969547272
0.3311862647533417
0.32723575830459595
0.32149237394332886
0.3305788040161133
0.34224045276641846
0.33974745869636536
0.3325708508491516
0.3163977861404419
0.32359278202056885
0.332192063331604
0.3227391242980957
0.3198913037776947
0.3191252052783966
0.3345244824886322
0.34142613410949707
0.3309735059738159
0.31457358598709106
0.32669156789779663
0.31959283351898193
0.3237505853176117
0.3265000581741333
0.327073872089386
0.3212602734565735
0.3197612166404724
0.33996671438217163
0.32168665528297424
0.3268507122993469
0.32218775153160095
0.32763993740081787
0.3185701370239258
0.34341999888420105
0.31926319003105164
0.31600117683410645
0.3354369103908539
0.32216697931289673
0.3295818567276001
0.32111838459968567
0.30758342146873474
0.31532853841781616
0.32857605814933777
0.33743512630462646
0.3179592490196228
0.3133998215198517
0.318470299243927
0.32432419061660767
0.32685285806655884
0.3121216893196106
0.32159224152565
0.3260055482387543
0.3356438875198364
0.3248710334300995
0.31967055797576904
0.31564146280288696
0.31763097643852234
0.3317519724369049
0.33257386088371277
0.34418004751205444
0.3143414855003357
0.318712443113327
0.3356199264526367
0.32691481709480286
0.31865745782852173
0.33176299929618835
0.34412339329719543
0.32382166385650635
0.32466018199920654
0.3336485028266907
0.3052382469177246
0.33994734287261963
0.3246292471885681
0.31848233938217163
0.32444921135902405
0.33741143345832825
0.30615872144699097
0.3295353055000305
0.32087910175323486
0.30944618582725525
0.3364858627319336
0.3272539973258972
0.3409613370895386
0.32487690448760986
0.30698058009147644
0.32774922251701355
0.32379722595214844
0.32444584369659424
0.3150758445262909
0.31062692403793335
0.3296157717704773
0.32347309589385986
0.3218238353729248
0.32483381032943726
0.3207387924194336
0.3266594707965851
0.33053451776504517
0.30127769708633423
0.320532888174057
0.3282315135002136
0.33443784713745117
0.32782408595085144
0.33274754881858826
0.3240109086036682
0.3387342095375061
0.31938081979751587
0.3343880772590637
0.3243299722671509
0.34107765555381775
0.3298591673374176
0.3303287625312805
0.32177096605300903
0.3406588137149811
0.3385292589664459
0.3077660799026489
0.3262358009815216
0.312063604593277
0.3138579726219177
0.33372634649276733
0.32130834460258484
0.3197631537914276
0.33783403038978577
0.3194246292114258
0.316834956407547
0.3228894770145416
0.33233436942100525
0.33090394735336304
0.32360392808914185
0.3134865462779999
0.31705790758132935
0.3228340148925781
0.3313709795475006
0.31319934129714966
0.3282591998577118
0.32644182443618774
0.312372088432312
0.3231370747089386
0.3271696865558624
0.3204439580440521
0.31543123722076416
