Mean Rank: 16, 3
Mean RR: 0.1731, 0.6316
Hit@1: 0.0499, 0.4486
Hit@3: 0.1596, 0.7670
Hit@5: 0.2542, 0.8669
Hit@10: 0.4796, 0.9501
2.0789053440093994
2.0603766441345215
1.7300031185150146
1.7550582885742188
1.5146632194519043
1.4284194707870483
1.4303886890411377
1.350267767906189
1.2085177898406982
1.2385237216949463
1.0849275588989258
1.1176509857177734
1.1369320154190063
1.1953175067901611
1.096815586090088
1.1020030975341797
1.0325586795806885
0.9796733856201172
0.9717041254043579
0.8435959815979004
0.9327306747436523
0.8887827396392822
0.9466617703437805
0.917739748954773
0.8641833662986755
0.7698084115982056
0.8459044098854065
0.7993226051330566
0.8243923187255859
0.8110178112983704
0.909741997718811
0.8593449592590332
0.7840949296951294
0.820104718208313
0.8301974534988403
0.799839973449707
0.7709910869598389
0.6796721816062927
0.797724723815918
0.823268473148346
0.6684859991073608
0.8474454879760742
0.7181356549263
0.693679690361023
0.7963995933532715
0.7937393188476562
0.6971951127052307
0.6797950267791748
0.7491869330406189
0.7234315872192383
0.682005763053894
0.6658061742782593
0.6974859237670898
0.6955989599227905
0.6126863956451416
0.5941063761711121
0.6387903094291687
0.5922214984893799
0.6626495718955994
0.8036003112792969
0.553970217704773
0.7884708642959595
0.7293530702590942
0.6674773097038269
0.6686556935310364
0.6224037408828735
0.7528241872787476
0.6286266446113586
0.5619159936904907
0.602631688117981
0.5278007388114929
0.6345584392547607
0.6998130679130554
0.6688504219055176
0.6414699554443359
0.6713753938674927
0.7145198583602905
0.6391735076904297
0.6983006596565247
0.6999078392982483
0.5340834856033325
0.6173494458198547
0.6940889358520508
0.7142938375473022
0.6235842704772949
0.6769909858703613
0.6149201393127441
0.6320335268974304
0.6400566697120667
0.7189756631851196
0.5892000794410706
0.6015433073043823
0.6186214089393616
0.5993674397468567
0.6073554754257202
0.6714266538619995
0.6819813251495361
0.5923599600791931
0.6628007888793945
0.6787289381027222
0.43253523111343384
0.6441388130187988
0.6420176029205322
0.5755186080932617
0.6328318119049072
0.6460550427436829
0.7227351665496826
0.6277278661727905
0.6703880429267883
0.5706634521484375
0.6378465890884399
0.5398105382919312
0.606411337852478
0.6200226545333862
0.6131913661956787
0.659188449382782
0.6146253347396851
0.5650583505630493
0.554863452911377
0.6130006313323975
0.5592796802520752
0.6080812215805054
0.6177784204483032
0.6030956506729126
0.6713597178459167
0.6410762667655945
0.6667175889015198
0.5632888674736023
0.6025208234786987
0.6539185643196106
0.5609903335571289
0.593579888343811
0.48737120628356934
0.6228960752487183
0.5002888441085815
0.6221349239349365
0.5433427095413208
0.5648013353347778
0.6011320352554321
0.7075002789497375
0.5476397275924683
0.6358931660652161
0.608073353767395
0.5053116083145142
0.6236095428466797
0.583743691444397
0.5944814682006836
0.5724838972091675
0.5788756608963013
0.5750710964202881
0.5916436910629272
0.6129850149154663
0.6035095453262329
0.48663803935050964
0.5230534076690674
0.5922467112541199
0.596065878868103
0.6269220113754272
0.6121490001678467
0.6520253419876099
0.6615713238716125
0.5917171239852905
0.5732688903808594
0.47777101397514343
0.5692452192306519
0.5245811343193054
0.5617610216140747
0.5894463062286377
0.5017097592353821
0.5969216823577881
0.5441268682479858
0.719646155834198
0.602125346660614
0.6290201544761658
0.5382246971130371
0.5848430395126343
0.451419472694397
0.5548679828643799
0.6168356537818909
0.48797762393951416
0.616811990737915
0.5441583395004272
0.6032918095588684
0.5823967456817627
0.5872015357017517
0.5758452415466309
0.580132246017456
0.5417865514755249
0.6759542226791382
0.5860666632652283
0.5816090106964111
0.6393858790397644
0.6149623990058899
0.5432950258255005
0.5300583839416504
0.666501522064209
0.6307517886161804
0.6385993957519531
0.6103453040122986
0.6015946269035339
0.4892602562904358
0.5466820001602173
0.635736346244812
0.546080470085144
0.599072277545929
0.605656623840332
0.5489736795425415
0.6230906248092651
0.5047483444213867
0.5269975662231445
0.5491231679916382
0.5193435549736023
0.5566940307617188
0.6094530820846558
0.5824437737464905
0.520340085029602
0.575700581073761
0.62555992603302
0.55716872215271
0.4939643144607544
0.44358813762664795
0.5832602977752686
0.5061118602752686
0.49556463956832886
0.5018455386161804
0.4911655783653259
0.5882788896560669
0.7094815373420715
0.5461370348930359
0.5914303660392761
0.562278687953949
0.4812479019165039
0.5500693321228027
0.6222434043884277
0.5147944688796997
0.5076013803482056
0.5987100601196289
0.6047139167785645
0.55157470703125
0.5394632816314697
0.5115439295768738
0.5884884595870972
0.6113319396972656
0.5023066997528076
0.5413559079170227
0.5503371357917786
0.5553736090660095
0.5085762143135071
0.6001454591751099
0.5785641074180603
0.4906052350997925
0.5335772037506104
0.6010483503341675
0.596979558467865
0.585192084312439
0.5657593607902527
0.5183166265487671
0.5266484022140503
0.5574986934661865
0.47429120540618896
0.47275540232658386
0.5418445467948914
0.5737720727920532
0.5601661205291748
0.5636056661605835
0.6064403653144836
0.6039056777954102
0.5827487707138062
0.6431653499603271
0.5560105443000793
0.5517457723617554
0.5400024652481079
0.4940917491912842
0.5662190914154053
0.5433927774429321
0.5819790959358215
0.4833717942237854
0.4230099320411682
0.6364990472793579
0.5425357818603516
0.5494035482406616
0.572461724281311
0.4351959824562073
0.5476741790771484
0.5140849351882935
0.5916274785995483
0.4736711382865906
0.5544677972793579
0.5117282867431641
0.6040652394294739
0.4848628640174866
0.574046790599823
0.5285409092903137
0.528520941734314
0.4946087896823883
0.5936758518218994
0.5681025981903076
0.5036110877990723
0.5991367101669312
0.5912213325500488
0.5191624760627747
0.5474600791931152
0.5874669551849365
0.5844760537147522
0.5273334980010986
0.5977308750152588
0.6343837380409241
0.5907571911811829
0.5678420662879944
0.6188579797744751
0.5212685465812683
0.5039529800415039
0.49902617931365967
0.4279233515262604
0.48371610045433044
0.6083385944366455
0.5942535400390625
0.5471609234809875
0.5169339776039124
0.5886437892913818
0.5775583982467651
0.5090018510818481
0.5388973951339722
0.5141524076461792
0.5234740972518921
0.59956955909729
0.5380046367645264
0.5991019606590271
0.5961290597915649
0.5744643211364746
0.5705503225326538
0.5737066864967346
0.47117701172828674
0.5429890155792236
0.6517966985702515
0.5643917918205261
0.5140789151191711
0.49172717332839966
0.5894523859024048
0.5479930639266968
0.5449972748756409
0.5495563745498657
0.47800499200820923
0.5924621820449829
0.49458417296409607
0.510834276676178
0.5259895324707031
0.567639946937561
0.6371641159057617
0.505848228931427
0.5036787390708923
0.48523813486099243
0.5731378793716431
0.5763007402420044
0.5753874182701111
0.5801233053207397
0.5153052806854248
0.572523832321167
0.5672032833099365
0.52229905128479
0.49603980779647827
0.4923998713493347
0.48103946447372437
0.505957305431366
0.48040470480918884
0.5531545877456665
0.6158158183097839
0.4862133264541626
0.5111589431762695
0.5013827085494995
0.425279438495636
0.5865399241447449
0.45266643166542053
0.6214442253112793
0.48455360531806946
0.5199673175811768
0.5913528203964233
0.5005549192428589
0.5668603181838989
0.47214987874031067
0.5410410165786743
0.5212402939796448
0.6035522818565369
0.5564762353897095
0.5144721269607544
0.5126506090164185
0.5157572031021118
0.4694719910621643
0.587953507900238
0.5265696048736572
0.5740785002708435
0.4573934078216553
0.4742608368396759
0.5501300096511841
0.4944930076599121
0.57586669921875
0.5864066481590271
0.584693968296051
0.48921751976013184
0.6191222667694092
0.5217522978782654
0.5127442479133606
0.5957131385803223
0.6495804786682129
0.6101934909820557
0.5427685976028442
0.47245967388153076
0.5318325161933899
0.5620549917221069
0.44443589448928833
0.47977256774902344
0.5086947679519653
0.5558018684387207
0.5666002035140991
0.5034246444702148
0.5136314034461975
0.5585160255432129
0.5642982721328735
0.5596296191215515
0.5191213488578796
0.5220385193824768
0.6353344917297363
0.48321378231048584
0.5214378833770752
0.5232133865356445
0.527969479560852
0.5802074074745178
0.6226822137832642
0.3823409080505371
0.4417538046836853
0.5025125741958618
0.5476555228233337
0.5473871231079102
0.48861756920814514
0.58575439453125
0.5087984800338745
0.5182976722717285
0.5308250188827515
0.5724378824234009
0.48452743887901306
0.4923386573791504
0.5795038938522339
0.43423599004745483
0.4594719111919403
0.4923405051231384
0.5696067810058594
0.4556572735309601
0.5566819906234741
0.5685936212539673
0.5047295689582825
0.5546194314956665
0.47793304920196533
0.4798845648765564
0.5676037669181824
0.5228459239006042
0.5508435964584351
0.5541026592254639
0.5159209370613098
0.5515540242195129
0.5342514514923096
0.5371614098548889
0.4706191420555115
0.4969819188117981
0.45319828391075134
0.4446661174297333
0.47584086656570435
0.4843943119049072
0.5478017330169678
0.4876607060432434
0.48601168394088745
0.5314226150512695
0.5080424547195435
0.5103429555892944
0.42243602871894836
0.6135737895965576
0.53203284740448
0.48988819122314453
0.5560222864151001
0.4732418358325958
0.5253682136535645
0.4613513946533203
0.5058818459510803
0.5113010406494141
0.5138086080551147
0.5727487802505493
0.546606719493866
0.49562251567840576
0.4765668511390686
0.5199837684631348
0.4342004656791687
0.4863958954811096
0.4189443290233612
0.6003204584121704
0.4568597376346588
0.5044428706169128
0.5835016369819641
0.6191437244415283
0.5174206495285034
0.5253276824951172
0.4899500012397766
0.5636908411979675
0.4962974190711975
0.5241748094558716
0.46961304545402527
0.5276381969451904
0.4264340400695801
0.5914306640625
0.4922542870044708
0.5720014572143555
0.6084468960762024
0.5230454206466675
0.5756021738052368
0.4702763557434082
0.6743327379226685
0.5968068838119507
0.4888495206832886
0.5446180105209351
0.46701580286026
0.504069983959198
0.5586733818054199
0.4907849431037903
0.5404034852981567
0.5025893449783325
0.4991561770439148
0.5298649072647095
0.456315279006958
0.4809444546699524
0.6355925798416138
0.5589256882667542
0.5188533663749695
0.5095253586769104
0.5452442765235901
0.48528796434402466
0.5951206684112549
0.4807750880718231
0.5412150621414185
0.6428813338279724
0.5812957882881165
0.443857342004776
0.513430118560791
0.4725206792354584
0.5333979725837708
0.5940818786621094
0.5598480105400085
0.4704119563102722
0.45468223094940186
0.5097350478172302
0.5812014937400818
0.5862268209457397
0.5052643418312073
0.5542696714401245
0.5749378204345703
0.5331416130065918
0.44457268714904785
0.4412628710269928
0.5353493690490723
0.5337477922439575
0.5037168264389038
0.5927261710166931
0.4990101456642151
0.48203474283218384
0.4978829622268677
0.4970293641090393
0.5338994264602661
0.5810072422027588
0.5210258364677429
0.537940263748169
0.47433823347091675
0.5426976680755615
0.5719509124755859
0.5801701545715332
0.45765504240989685
0.5374143123626709
0.36042946577072144
0.4822433590888977
0.5168935656547546
0.49859702587127686
0.576362133026123
0.4128344655036926
0.5263065099716187
0.5039960145950317
0.456545889377594
0.46934083104133606
0.5164463520050049
0.5277372002601624
0.5033990740776062
0.534020185470581
0.5678334832191467
0.47355955839157104
0.4777049124240875
0.5576645135879517
0.4854077100753784
0.5262549519538879
0.5802121758460999
0.41430795192718506
0.48285576701164246
0.49335697293281555
0.5474276542663574
0.5016191005706787
0.41280052065849304
0.5281896591186523
0.5683078765869141
0.5133098363876343
0.497263103723526
0.4575016498565674
0.5479607582092285
0.5454519987106323
0.5551766157150269
0.6237502694129944
0.5299725532531738
0.4335235059261322
0.5597785711288452
0.5314182043075562
0.49908795952796936
0.5327754020690918
0.6158932447433472
0.567360520362854
0.5809146165847778
0.5295289754867554
0.4932548403739929
0.4497748613357544
0.448894202709198
0.47888076305389404
0.5257350206375122
0.5792497396469116
0.613538384437561
0.5578135848045349
0.5709154605865479
0.6328209042549133
0.624624490737915
0.544700026512146
0.5233042240142822
0.4946884512901306
0.4586905539035797
0.5582284331321716
0.47719806432724
0.5630543231964111
0.465608686208725
0.5169944763183594
0.5056819915771484
0.5548879504203796
0.5191596150398254
0.4479029178619385
0.5147115588188171
0.4912174344062805
0.5106245875358582
0.6037216186523438
0.48439109325408936
0.5303128957748413
0.5904068350791931
0.5694913864135742
0.5540479421615601
0.549126148223877
0.4519729018211365
0.5967608094215393
0.5493117570877075
0.43933308124542236
0.5330041646957397
0.5460045337677002
0.4643312692642212
0.5419741272926331
0.47161436080932617
0.5221176743507385
0.4959317147731781
0.48473459482192993
0.5380336046218872
0.5389348268508911
0.4817134737968445
0.5088006854057312
0.5357664823532104
0.4339832365512848
0.4582124948501587
0.5132725238800049
0.462897390127182
0.5179933309555054
0.4728168845176697
0.47929757833480835
0.4820463955402374
0.4356817603111267
0.5322866439819336
0.53316730260849
0.5920113325119019
0.5257819294929504
0.5415226221084595
0.49053633213043213
0.5464799404144287
0.4423145055770874
0.4793277084827423
0.5090047121047974
0.5709400773048401
0.4843233823776245
0.518844485282898
0.45919883251190186
0.5699477791786194
0.4943285882472992
0.4879854917526245
0.4771856963634491
0.5413733720779419
0.5672582387924194
0.5000274181365967
0.45367714762687683
0.5457038879394531
0.5118627548217773
0.5163010358810425
0.5097078084945679
0.4432879388332367
0.5499811768531799
0.5235001444816589
0.48465996980667114
0.5467647314071655
0.4528805613517761
0.4477595090866089
0.4822346270084381
0.5339174270629883
0.4269959330558777
0.4839680790901184
0.5381327867507935
0.5093433856964111
0.5067908763885498
0.6060725450515747
0.48610517382621765
0.5210844278335571
0.51408851146698
0.5026919841766357
0.4971553683280945
0.5896681547164917
0.5229156017303467
0.4814176559448242
0.413512647151947
0.4854277968406677
0.49346375465393066
0.469381719827652
0.5289537906646729
0.5483638048171997
0.5441663265228271
0.5107122659683228
0.44788649678230286
0.5622596740722656
0.47075551748275757
0.4896986484527588
0.5438170433044434
0.5027531385421753
0.4720967411994934
0.5098305940628052
0.41354408860206604
0.40970301628112793
0.5864415168762207
0.5469189882278442
0.3935040831565857
0.5208323001861572
0.5054609775543213
0.5012394189834595
0.5093615055084229
0.3860560357570648
0.5058037042617798
0.404703289270401
0.4545832574367523
0.5009732246398926
0.5918698310852051
0.5315384268760681
0.5723419189453125
0.47851529717445374
0.47384923696517944
0.616889238357544
0.49173611402511597
0.41787585616111755
0.4780161380767822
0.500434398651123
0.45958036184310913
0.5094959139823914
0.509390652179718
0.5147641897201538
0.4419209957122803
0.46536117792129517
0.5106719732284546
0.6346911191940308
0.5013741254806519
0.48829931020736694
0.5305266380310059
0.43589863181114197
0.5819085240364075
0.505713701248169
0.5668362975120544
0.4664831757545471
0.45009922981262207
0.4189743995666504
0.5323226451873779
0.5333356857299805
0.47416621446609497
0.6282881498336792
0.4540967345237732
0.5488862991333008
0.5315046310424805
0.534035861492157
0.5425525903701782
0.5291880369186401
0.5618199706077576
0.5628423094749451
0.43008288741111755
0.4799500107765198
0.4664910137653351
0.5044119954109192
0.42299094796180725
0.5153323411941528
0.4953237771987915
0.5493642091751099
0.5590708255767822
0.46711406111717224
0.46637386083602905
0.5261251926422119
0.5356252193450928
0.5320425033569336
0.4553886651992798
0.5040825009346008
0.5394244194030762
0.6071151494979858
0.46741682291030884
0.5294643044471741
0.541366696357727
0.5141898393630981
0.496326744556427
0.6269241571426392
0.40453433990478516
0.5103060007095337
0.46323078870773315
0.5282571315765381
0.5597655177116394
0.4397806227207184
0.472992479801178
0.48666912317276
0.4018443822860718
0.4509127140045166
0.5333688259124756
0.5085495710372925
0.5677288770675659
0.5006873607635498
0.5436038970947266
0.5280280709266663
0.5246390700340271
0.5497342944145203
0.5166719555854797
0.4970473051071167
0.5400674343109131
0.5691015720367432
0.5445951223373413
0.5764931440353394
0.548458456993103
0.5169126987457275
0.5078970789909363
0.5077350735664368
0.41098999977111816
0.4619326591491699
0.4391089677810669
0.4907650351524353
0.5571252107620239
0.5286620855331421
0.504413902759552
0.5000556111335754
0.43349993228912354
0.6112169027328491
0.5113285779953003
0.4509235620498657
0.47903889417648315
0.45422428846359253
0.5399709343910217
0.5232621431350708
0.5919594764709473
0.5648138523101807
0.47448623180389404
0.554492712020874
0.5354801416397095
0.554100513458252
0.5455741286277771
0.460568368434906
0.5174048542976379
0.5082247257232666
0.566749095916748
0.548825204372406
0.48976999521255493
0.5073922276496887
0.43167275190353394
0.4934718906879425
0.4065636396408081
0.5691486597061157
0.4130711257457733
0.5506494641304016
0.5589166879653931
0.44305020570755005
0.46328234672546387
0.5471917390823364
0.5060886144638062
0.5157128572463989
0.5129658579826355
0.48280656337738037
0.5159994959831238
0.5264610648155212
0.46955662965774536
0.498577356338501
0.47745221853256226
0.4934712052345276
0.48044514656066895
0.5512750148773193
0.5143725872039795
0.4259926676750183
0.4055931568145752
0.5495802164077759
0.4663480520248413
0.4744090437889099
0.5290783643722534
0.5119220018386841
0.46903181076049805
0.5234814882278442
0.4729825258255005
0.45383062958717346
0.4699576795101166
0.5418388843536377
0.49944084882736206
0.5460784435272217
0.4822666645050049
0.5476287603378296
0.4186357855796814
0.40884649753570557
0.4309702515602112
0.5477622747421265
0.4445570707321167
0.5941811800003052
0.5487082004547119
0.5003752708435059
0.4687911868095398
0.6224494576454163
0.46340692043304443
0.4611210823059082
0.48676833510398865
0.5370916128158569
0.4617040753364563
0.39678460359573364
0.4893716275691986
0.5020242929458618
0.5866679549217224
0.45066314935684204
0.5859929323196411
0.41398751735687256
0.5242131948471069
0.44951558113098145
0.4628571569919586
0.49424096941947937
0.49986422061920166
0.47042638063430786
0.47115230560302734
0.5130065083503723
0.5304538011550903
0.5219309329986572
0.4625568389892578
0.5674513578414917
0.41225022077560425
0.5258611440658569
0.5057278871536255
0.5445495247840881
0.521041750907898
0.49022582173347473
0.5239054560661316
0.5991985201835632
0.5142995715141296
0.4804750084877014
0.514512300491333
0.4954726994037628
0.4506151080131531
0.547757625579834
0.5045130252838135
0.4210900664329529
0.3922039568424225
0.514373242855072
0.503112256526947
0.4437488913536072
0.5060293674468994
0.5130943655967712
0.417146772146225
0.47381675243377686
0.38700592517852783
0.5243552327156067
0.45674097537994385
0.4230305850505829
0.5411319136619568
0.5247067213058472
0.4836914539337158
0.49904370307922363
0.446403443813324
0.4937724173069
0.5123775601387024
0.4596361517906189
0.4783268868923187
0.5339088439941406
0.5694333910942078
0.4890469014644623
0.5165990591049194
0.5057086944580078
0.523223876953125
0.5501496195793152
0.5158998966217041
0.4656359851360321
