100	0	3234
100	2	3234
100	7	3234
1000	4	1789
1002	6	2829
1002	6	348
1002	6	356
1002	6	357
1002	6	362
1002	6	375
1002	6	4
101	6	313
1010	0	3186
1010	2	3232
1015	2	639
1016	6	1410
1016	6	20
1016	6	311
1016	6	349
1016	6	3509
1016	6	374
1016	6	655
1017	6	2828
1018	0	2674
1018	0	3099
1019	0	35
102	7	2957
102	7	3179
102	7	3421
1020	0	1939
1021	7	1832
1022	3	1413
1022	3	2526
1023	0	3264
1023	2	3264
1023	2	3295
1024	7	1871
1024	7	2061
1025	0	2176
1025	0	2321
1027	0	5
1027	3	5
1028	7	3164
1029	0	1255
1029	0	1531
1029	2	1255
1029	2	1531
1029	2	3290
1029	2	941
103	7	3043
103	7	638
103	7	719
1030	0	3438
1031	2	1922
1032	7	1382
1032	7	3194
1033	7	1066
1033	7	285
1033	7	3058
1033	7	3412
1034	3	2589
1034	3	3173
1034	3	3392
1035	2	3060
1036	2	3273
1036	2	558
1037	7	2206
1038	2	3288
1038	2	792
1039	2	668
104	0	738
104	2	738
1040	7	1397
1040	7	220
1041	3	1079
1041	3	1588
1041	3	3185
1042	0	2146
1045	2	3048
1046	0	3314
1047	0	3217
1047	7	3215
1047	7	3216
1048	7	1400
1048	7	2869
1049	7	1079
1049	7	1344
1049	7	2132
1049	7	2442
1049	7	2999
1049	7	3033
1049	7	3167
1049	7	539
105	3	1808
105	3	3218
1050	0	175
1050	2	175
1051	0	1940
1051	2	1940
1052	3	3292
1053	3	1075
1055	2	3304
1055	2	379
1057	0	830
1058	2	1719
1058	2	2262
1058	2	3079
1058	2	37
106	2	2526
1060	7	3192
1061	3	3057
1062	3	1200
1062	3	3539
1064	6	2831
1064	6	318
1064	6	335
1064	6	341
1065	6	2833
1065	6	312
1069	0	3325
1070	7	3607
1073	0	1079
1073	0	3311
1073	0	816
1073	2	1079
1073	2	3161
1073	2	3311
1073	2	3537
1073	2	816
1076	7	1400
1077	7	3157
108	2	3143
1080	7	2436
1080	7	2985
1080	7	3
1082	6	180
1084	6	3511
1086	0	1043
1086	0	3197
1087	0	2390
1088	3	3537
1089	3	1922
1089	3	2902
1089	3	2999
1089	3	3084
1089	3	677
109	7	3237
109	7	550
1090	0	2952
1091	3	3181
1092	7	146
1094	7	1331
1095	7	2634
1097	3	3274
1097	3	535
1098	7	3068
110	0	3084
110	0	3208
110	0	3304
1100	0	517
1101	7	3070
1101	7	3252
1102	0	2461
1103	3	3402
1103	3	3492
1104	7	3174
1105	2	1731
1105	2	1904
1105	2	3059
1105	2	3607
1105	2	529
1105	2	753
1106	7	682
1107	7	3088
1107	7	406
1107	7	560
1108	2	2047
1108	2	3185
1109	3	1347
1109	3	3248
1109	3	586
1110	0	3521
1110	0	404
1111	0	3587
1112	7	1162
1113	0	3168
1113	0	3213
1113	0	3232
1114	7	3518
1115	3	3162
1115	3	3192
1116	0	3436
1117	0	2990
1117	2	2990
1118	0	256
1118	0	3307
1119	0	3015
1120	2	2146
1121	0	183
1122	2	1881
1122	2	649
1123	7	24
1123	7	3017
1123	7	3050
1124	0	661
1124	2	3006
1124	2	70
1125	2	2761
1125	2	2816
1125	2	3306
1126	2	3099
1127	2	2637
1129	2	3053
113	2	1205
113	2	36
1131	0	2357
1132	3	3252
1133	7	2159
1133	7	3087
1133	7	3152
1133	7	3165
1133	7	604
1134	7	1411
1134	7	1719
1134	7	1940
1134	7	2285
1134	7	2321
1134	7	3065
1134	7	37
1136	6	2703
1137	6	14
1138	7	1172
1139	3	3289
1139	3	3587
114	2	831
1140	0	3112
1142	3	2077
1143	6	2833
1143	6	311
1143	6	312
1143	6	324
1143	6	343
1143	6	349
1143	6	350
1143	6	374
1144	6	3509
1146	7	3137
1147	3	980
115	0	3283
115	2	2041
115	2	2885
115	2	2968
115	2	3283
115	2	3391
1150	6	3510
1155	7	3278
1155	7	3316
1156	2	1907
1157	2	2520
1158	7	2304
116	7	1003
116	7	1870
116	7	3099
116	7	3133
116	7	3151
116	7	3155
116	7	3211
116	7	3254
116	7	3255
116	7	3266
116	7	3594
116	7	517
116	7	585
116	7	594
116	7	661
116	7	70
116	7	787
1160	0	557
1160	7	557
1163	2	1201
1164	0	3187
1164	2	3187
1166	0	1811
1167	0	3547
1167	2	3547
1167	2	428
1168	3	232
1168	3	2326
1168	3	3296
1169	3	2690
117	3	940
1175	6	513
1179	6	1902
118	7	3422
1183	7	1819
1183	7	3425
1184	0	720
1184	2	3356
1185	2	2304
1185	2	2891
1186	2	2169
1189	2	404
119	6	1410
1190	6	14
1191	2	49
1192	0	3111
1192	7	1188
1192	7	2237
1192	7	257
1192	7	3492
1193	0	3080
1194	0	2884
1196	6	4
1197	6	4
1198	6	1902
1198	6	2427
1199	6	1920
1199	6	2301
1207	4	1789
1209	6	3509
1211	0	1908
1212	2	3163
1213	2	1014
1214	2	1413
1216	0	3324
1218	0	2065
1221	2	2303
1222	0	2456
1222	2	2456
1223	0	1412
1223	2	1412
1224	2	663
1225	0	1966
1226	0	1162
1227	0	1962
1228	2	1954
1229	2	970
1230	0	2539
1230	0	2976
1230	2	2539
1230	2	2806
1230	2	2976
1231	2	482
1232	0	1991
1232	0	2414
1233	2	3065
1234	2	3035
1235	0	120
1235	0	2772
1236	0	1238
1236	0	2362
1236	0	2755
1236	0	2764
1236	0	282
1236	0	2889
1236	0	3005
1236	0	3055
1236	0	409
1237	0	1769
1239	6	267
1239	6	2708
1239	6	2830
1239	6	2831
1239	6	335
1239	6	344
1239	6	345
1239	6	351
1239	6	358
1240	6	1452
1240	6	1454
1240	6	2301
1240	6	2827
1240	6	354
1240	6	664
1241	0	1292
1244	3	3302
1245	7	1923
1246	0	3493
1247	0	2304
1249	0	2362
1253	6	3475
1254	2	123
1254	2	2383
1254	2	2412
1254	2	619
1259	7	1083
1259	7	3087
1260	0	3191
1260	0	3269
1261	7	429
1262	7	1165
1262	7	1420
1262	7	1964
1262	7	2806
1262	7	3299
1262	7	432
1262	7	492
1266	0	22
1266	7	866
1268	7	3332
1268	7	45
1270	3	2211
1270	3	3250
1271	0	55
1272	0	3183
1272	0	3280
1273	7	983
1274	3	483
1275	7	1432
1275	7	483
1276	2	3531
1277	7	3064
1278	3	3394
1280	7	1067
1280	7	1351
1281	7	880
1282	3	308
1282	3	708
1283	7	1177
1283	7	1178
1284	2	997
1285	0	657
1286	0	3095
1295	7	1296
1295	7	3098
1295	7	3150
1297	0	3071
1297	2	3071
130	2	1075
130	2	1294
130	2	2515
130	2	3133
1300	2	1832
1301	3	3101
1301	3	3113
1302	0	719
1303	2	2215
1303	2	2442
1303	2	3404
1303	2	594
1304	6	180
1305	0	3165
1306	0	1530
1307	7	1397
1307	7	2980
1307	7	3248
1307	7	43
131	4	1789
1311	0	553
1312	0	3173
1313	2	3134
1314	2	1007
1314	2	2175
1314	2	2359
1314	2	3276
1314	2	3403
1315	7	2173
1315	7	2211
1315	7	2586
1315	7	2975
1315	7	3236
1315	7	3247
1315	7	3306
1315	7	3332
1315	7	3521
1315	7	529
1315	7	663
1315	7	753
1316	2	1427
1318	0	1161
1318	0	3318
1319	0	302
132	4	1789
1322	7	3537
1323	3	1145
1323	3	1991
1323	3	2267
1323	3	2414
1323	3	3246
1324	6	2831
1325	6	13
1325	6	19
1327	6	2302
1328	0	2460
1328	7	2460
1328	7	2689
133	7	1462
133	7	3084
133	7	3208
133	7	530
1338	6	321
1339	6	1378
1339	6	1450
1339	6	1452
1339	6	1454
1339	6	1455
1339	6	1920
1339	6	2426
1339	6	2824
1339	6	2825
1339	6	2826
1339	6	2827
1339	6	2828
1339	6	2837
1339	6	322
1339	6	323
1339	6	334
1339	6	345
1339	6	347
1339	6	354
1339	6	363
1339	6	523
1339	6	664
1339	6	698
134	0	2041
134	0	3283
1342	6	3435
1343	0	231
1343	2	231
1345	0	2318
1346	0	3075
135	6	368
1356	2	2174
1357	0	3115
1357	0	3274
1358	0	2941
1358	0	3324
1358	0	753
1359	0	2357
1360	7	1418
1361	2	1093
1361	2	2144
1361	2	2517
1361	2	3056
1361	2	34
1361	2	914
1362	0	3051
1363	2	839
1364	7	2182
1364	7	2240
1364	7	3041
1364	7	3120
1364	7	690
1365	2	2447
1367	0	1411
1368	3	1093
1368	3	2891
1368	3	3198
1369	0	1418
1369	0	1531
1369	0	3059
1370	3	691
1371	0	3033
1372	7	1588
1372	7	594
1372	7	977
1373	7	3150
1376	3	2917
1376	3	42
1379	6	3509
1379	6	351
138	0	3428
1383	6	1404
1385	0	2144
1389	0	3470
139	3	2782
139	3	3213
139	3	3232
1390	0	2561
1391	6	3509
1392	0	2307
1392	2	2307
1395	7	2899
1396	0	619
1398	6	328
1398	6	329
1398	6	330
1399	6	328
1399	6	329
1402	6	2280
1402	6	2836
1407	0	3107
1408	0	3201
1408	2	3201
141	6	13
141	6	19
1415	6	3509
1421	7	45
1422	7	2175
1423	6	19
1423	6	623
1423	6	624
1424	6	352
1425	6	15
1425	6	16
1425	6	352
1426	6	3509
1428	0	1980
1428	7	1337
1428	7	1980
1430	2	3198
1430	2	3250
1431	0	3421
1433	0	1217
1434	2	870
1435	6	3510
1436	6	15
1436	6	16
1437	6	15
1437	6	16
1440	6	13
1440	6	19
1440	6	310
1440	6	3475
1440	6	9
1441	6	9
1442	0	2959
1443	0	2959
1443	2	2959
1447	4	1789
1448	4	1789
1449	6	2888
1456	6	3509
1456	6	655
1457	0	2786
1458	2	2242
1459	2	3412
1460	0	2869
1463	0	1832
1463	0	3131
1464	0	2134
1465	2	636
1466	0	2971
1467	0	1011
1468	2	2999
1468	2	3038
1470	0	1287
1471	7	3177
1471	7	650
1472	0	2450
1473	3	71
1474	3	491
1474	3	585
1476	2	2673
1476	2	3165
1477	2	1344
1477	2	3438
148	7	1815
1481	0	3295
1481	0	621
1481	2	3295
1482	0	3522
1483	2	2412
1485	0	3186
1485	0	3213
1487	7	2214
1487	7	3267
1488	2	71
1489	0	3356
149	2	1542
1490	2	283
1491	7	2515
1494	2	2130
1494	2	3356
1494	7	3356
1495	0	3152
1496	2	556
1497	7	1821
1498	0	2876
1499	0	977
1500	3	2938
1500	3	594
1501	7	2802
1502	0	269
1502	0	3366
1502	2	269
1502	2	3366
1502	2	3367
1503	3	3547
1504	0	1154
1505	3	2761
1505	3	3254
1506	0	3036
1506	0	3184
1507	0	3186
1508	2	2516
1508	2	662
1509	0	1980
151	2	1182
1510	2	2518
1511	0	529
1512	0	1170
1512	0	129
1512	0	3226
1512	7	1170
1512	7	129
1512	7	1334
1512	7	2118
1512	7	2475
1512	7	269
1512	7	2860
1512	7	3112
1512	7	3114
1512	7	3226
1512	7	3366
1513	0	2758
1513	2	2465
1513	2	2758
1513	2	42
1515	7	3455
1516	3	2802
1517	0	1768
1517	0	3117
1517	7	1195
1517	7	1416
1517	7	1768
1517	7	2735
1517	7	3097
1517	7	3117
1517	7	3141
1517	7	412
1518	0	2173
1519	0	3522
1519	2	2362
152	0	3331
1520	3	2071
1521	0	3138
1521	2	3138
1521	2	3522
1521	2	3538
1521	2	409
1522	2	791
1523	2	2815
1524	6	623
1525	0	2267
1526	3	1768
1527	7	863
1528	7	3428
1529	2	1381
1534	0	2629
1534	0	2818
1534	0	700
1535	7	3476
1536	0	3029
1536	2	3029
1537	0	2460
1537	7	2460
1537	7	90
1538	0	231
1538	0	2720
1539	0	3014
1539	0	882
154	0	3422
154	2	3422
1540	3	1188
1540	3	3149
1540	3	3408
1541	3	3288
1543	0	709
1543	0	735
1544	7	1991
1544	7	709
1545	0	1897
1546	2	2792
1547	2	709
1548	0	3087
155	2	2865
1550	0	189
1551	0	1292
1552	2	3152
1553	0	3042
1554	2	1675
1554	2	3364
1554	2	719
1555	0	2465
1556	7	3092
1557	3	3317
1558	7	1014
1559	3	3195
1559	3	410
1559	3	640
156	0	283
1560	7	2857
1561	0	76
1562	0	2629
1562	7	2629
1562	7	2816
1562	7	2958
1563	0	140
1564	0	284
1565	7	3057
1565	7	3105
1566	0	1881
1566	0	3221
1566	0	3392
1566	2	3392
1566	7	1011
1566	7	1731
1566	7	1851
1566	7	1881
1566	7	2049
1566	7	2165
1566	7	2415
1566	7	2690
1566	7	2891
1566	7	3102
1566	7	595
1566	7	656
1567	2	3241
1572	0	3069
1572	0	3294
1574	2	676
1575	6	1404
1577	3	3189
1578	2	1968
1578	3	3165
1578	3	3172
1579	0	2129
1579	0	3439
1579	2	2129
158	2	3117
1580	3	1008
1580	3	3114
1581	7	1007
1582	7	1493
1583	0	864
1584	0	1889
1585	0	46
1587	0	1006
1589	7	2358
159	2	3159
1590	3	1420
1591	2	2049
1591	2	2413
1592	7	3118
1595	0	494
1595	7	494
1596	0	3334
1596	2	3334
1598	7	2758
1599	3	3105
1599	3	3272
1599	3	984
1600	7	1700
1600	7	821
1601	7	3040
1601	7	3477
1602	2	3245
1603	7	3074
1603	7	3352
1603	7	3376
1604	7	1730
1605	2	865
1606	7	2040
1606	7	3075
1606	7	3190
1606	7	3614
1606	7	699
1606	7	944
1607	3	2240
1607	3	2793
1607	3	3190
1607	3	865
1608	2	3536
1609	2	977
161	2	720
1610	7	71
1611	7	2868
1612	0	1251
1612	0	605
1612	2	1251
1612	2	3300
1612	2	3469
1612	7	605
1613	7	2537
1614	2	2941
1615	7	120
1615	7	3101
1616	7	3280
1617	7	1219
1617	7	1334
1617	7	2174
1617	7	2952
1617	7	591
1617	7	868
1618	0	2220
162	7	3245
1620	7	3013
1621	3	2816
1621	3	380
1622	2	1003
1622	2	3162
1622	2	3197
1623	2	1808
1624	2	1200
1624	2	3313
1625	7	2435
1625	7	3540
1626	7	1153
1626	7	2805
1627	0	3283
1628	3	482
1629	2	3204
163	7	2850
1630	0	1204
1631	0	2586
1631	0	3542
1632	0	258
1633	2	793
1634	2	2962
1635	2	3397
1636	0	1530
1637	0	2724
1637	0	3396
1638	0	3203
1638	2	196
1638	2	2137
1638	2	2159
1638	2	3203
1638	2	553
1639	2	2214
1639	2	2239
1639	2	2634
1639	2	2808
164	2	1769
1640	3	3614
1641	7	526
1642	0	1043
1642	0	1962
1642	0	3254
1642	0	3255
1642	0	865
1643	0	1981
1643	2	1981
1644	2	2286
1646	0	3242
1647	7	2941
1647	7	3318
1648	2	1971
1648	2	2943
1649	2	2466
165	3	2691
165	3	3114
165	3	550
1650	2	3093
1651	2	3303
1652	0	3214
1653	2	660
1654	7	3257
1656	0	2960
1656	7	2960
1656	7	3042
1657	2	1317
1657	2	3191
1658	0	1954
1658	0	3376
1659	0	1354
1659	7	1354
1659	7	3395
1660	0	2160
1660	0	2638
1660	0	452
1660	7	112
1660	7	2160
1660	7	2638
1660	7	3171
1661	2	220
1662	7	1897
1663	2	2793
1664	7	2943
1664	7	3328
1665	2	1417
1666	0	2786
1667	0	1242
1668	2	3036
167	0	1731
1670	0	2792
1670	0	3513
1670	7	1181
1670	7	140
1670	7	2792
1670	7	3119
1670	7	3240
1670	7	3378
1670	7	3513
1670	7	8
1670	7	865
1671	2	492
1672	3	2659
1672	3	2884
1672	3	3303
1672	3	492
1673	0	3469
1674	2	3401
1674	2	916
1676	7	3319
1677	7	2274
1677	7	3166
1678	7	962
1679	7	2633
1680	0	2978
1681	3	2899
1682	3	1011
1682	3	534
1683	2	3285
1684	2	2868
1685	7	2326
1686	2	3262
1687	6	310
1687	6	3509
1687	6	9
1688	2	3098
1688	2	592
1689	0	3310
169	7	3059
1690	0	3053
1690	0	3146
1691	0	1093
1692	0	1980
1693	0	2061
1694	0	122
1694	2	1725
1694	2	638
1695	2	1083
1695	2	3089
1695	2	3280
1696	2	3112
1696	2	3402
1697	2	3160
1697	2	3289
1698	0	1340
1699	0	2876
1699	2	2132
1699	2	2875
1699	2	517
1699	2	983
170	0	735
170	2	3327
170	2	735
1701	0	2884
1702	2	2901
1704	7	1963
1705	2	1938
1706	6	3511
171	7	2658
171	7	788
1710	0	481
1713	7	1093
1714	2	3145
1714	2	3270
1716	0	2173
1717	0	3223
1718	2	1074
1718	2	1348
1718	2	1349
172	2	1353
1720	0	3450
1721	3	1915
1721	3	3240
1722	2	3292
1723	2	189
1724	0	1294
1724	0	831
1726	0	983
1727	0	379
173	2	1908
1734	0	1738
1734	0	1841
1734	0	2188
1735	0	1841
1735	0	840
1735	7	1841
1736	7	3324
1737	0	2999
1739	6	13
174	2	1005
174	2	1006
1740	0	440
1740	2	440
1741	0	1203
1742	0	1903
1742	2	1903
1743	2	3277
1743	2	3352
1744	2	553
1745	2	3447
1746	7	1204
1747	7	31
1748	0	1935
1748	2	1256
1748	2	1935
1748	2	2162
1748	2	255
1749	0	3330
1750	0	1998
1751	7	1007
1752	6	3511
1753	7	1
1754	0	1326
1756	7	3242
1757	2	3001
1758	2	3085
1758	2	982
1759	2	1569
176	7	3329
176	7	527
176	7	739
1760	3	2352
1760	3	2637
1760	3	3231
1760	3	921
1761	2	193
1761	2	195
1762	3	2797
1763	0	2771
177	7	1965
1770	2	425
1770	2	426
1773	6	2833
1773	6	364
1773	6	371
1774	6	1920
1774	6	2427
1775	6	2836
1776	6	368
1777	6	1377
1777	6	1378
1777	6	1920
1777	6	322
1778	6	310
1778	6	9
1779	6	1450
1779	6	1452
1779	6	1454
1779	6	1455
1779	6	180
1779	6	2536
1779	6	2824
1779	6	2828
1779	6	316
1779	6	334
1779	6	943
1780	6	1026
1780	6	1450
1780	6	1451
1780	6	1452
1780	6	1453
1780	6	1454
1780	6	1455
1780	6	181
1780	6	2536
1780	6	2824
1780	6	2825
1780	6	2826
1780	6	2830
1780	6	316
1780	6	317
1780	6	334
1780	6	338
1780	6	353
1780	6	361
1780	6	363
1780	6	365
1780	6	367
1780	6	373
1780	6	693
1780	6	698
1780	6	943
1781	6	2830
1781	6	317
1781	6	318
1781	6	335
1781	6	341
1781	6	359
1781	6	367
1782	6	1208
1783	6	349
1784	6	2829
1785	6	2427
1785	6	323
1786	6	1377
1786	6	1920
1786	6	322
1787	6	9
1788	6	2836
1788	6	2888
1788	6	332
1788	6	346
179	6	9
1790	6	2829
1790	6	357
1790	6	375
1791	6	2824
1791	6	2826
1791	6	313
1792	6	368
1793	6	2834
1794	6	1450
1794	6	1451
1794	6	2301
1794	6	4
1794	6	664
1795	6	1902
1796	6	664
1797	6	2829
1797	6	344
1797	6	345
1797	6	348
1797	6	356
1797	6	358
1797	6	362
1797	6	4
1798	6	2836
1799	6	2835
1800	6	4
1801	6	2536
1802	6	2834
1803	6	2301
1803	6	4
1803	6	664
1804	6	2829
1804	6	371
1804	6	4
1805	2	3476
1807	2	2433
1810	7	1420
1810	7	2438
1810	7	2797
1810	7	3260
1810	7	3299
1810	7	3312
1812	6	2824
1812	6	2826
1813	0	1380
1814	7	1380
1816	6	16
1816	6	18
1817	6	13
1818	7	3309
1822	0	2526
1822	0	3101
1822	0	3113
1823	0	3115
1823	7	2660
1823	7	2783
1823	7	2990
1823	7	3067
1824	0	3266
1825	2	3167
1826	6	2831
1826	6	317
1826	6	341
1827	2	511
1828	0	1444
1828	2	1444
1829	7	1982
1829	7	3081
1830	2	550
1830	2	597
1835	6	14
1835	6	2879
1835	6	3509
1837	0	2560
1837	2	1309
1837	2	2560
1837	2	3353
1838	7	3080
1838	7	3160
1838	7	377
1838	7	628
1838	7	889
1839	0	1728
1839	0	425
184	0	2748
1840	7	2868
1842	0	1731
1843	0	1195
1843	2	1195
1844	0	1008
1844	0	2118
1845	7	1287
1845	7	142
1845	7	1738
1845	7	2188
1845	7	818
1845	7	857
1847	6	9
1848	7	3137
1848	7	3394
1849	3	990
185	6	20
1850	7	3138
1850	7	3168
1850	7	3186
1850	7	3305
1850	7	3538
1853	6	310
1853	6	9
1854	7	2144
1854	7	2412
1854	7	3514
1855	7	3532
1856	2	3427
1856	2	3540
1857	7	2944
1858	7	3365
1859	0	2941
1859	0	3104
1859	0	753
186	0	3275
1860	7	2749
1861	0	3295
1861	0	3370
1862	0	1238
1862	2	1238
1862	2	409
1862	2	880
1863	7	1217
1863	7	1330
1863	7	2209
1863	7	888
1864	7	2209
1864	7	2852
1865	0	188
1865	0	189
1866	7	46
1867	7	3173
1867	7	3196
1867	7	677
1868	7	2303
1868	7	2362
1868	7	2764
1868	7	3005
1869	7	3295
1872	3	2221
1872	3	3291
1872	3	938
1873	2	454
1874	0	2257
1874	0	3037
1875	7	281
1876	2	308
1877	2	2461
1878	0	3250
1879	3	2220
1882	0	124
1883	2	2782
1883	2	3213
1884	2	111
1884	2	1288
1884	2	2917
1884	2	3032
1885	0	3115
1886	0	3015
1886	2	3015
1887	2	1296
1892	0	3075
1892	0	3227
1892	0	787
1894	7	3137
1895	0	126
1896	7	517
1898	7	1165
1898	7	2729
190	3	1937
190	3	3068
190	3	3176
190	3	3293
190	3	3294
190	3	637
1901	6	14
1901	6	3509
1909	6	370
191	7	3124
191	7	3220
1910	2	1178
1910	2	2749
1912	7	916
192	3	1009
192	3	2506
192	3	3249
192	3	3428
192	3	377
1921	0	308
1924	3	3073
1925	7	144
1927	0	592
1929	7	1001
1930	2	258
1930	2	683
1931	3	1836
1931	3	3193
1931	3	3364
1932	7	2870
1932	7	3053
1932	7	3424
1933	0	2285
1934	0	1904
1934	0	1905
1934	0	1906
1942	7	3044
1943	6	3512
1944	0	2539
1945	0	3164
1945	2	3090
1945	2	3164
1945	2	3188
1946	0	3136
1947	0	3223
1948	0	193
1948	0	194
1948	0	195
1949	7	1400
1950	0	3210
1951	0	3235
1952	2	3219
1952	2	822
1953	2	3395
1955	0	2585
1955	2	2585
1956	6	3509
1957	0	1446
1958	0	3322
1958	2	3141
1958	2	3322
1959	3	2720
1959	3	2794
1960	7	2515
1961	2	3359
1972	2	882
1973	6	3510
1974	6	3509
1975	7	1333
1976	0	2818
1976	0	3129
1976	2	2818
1976	2	3129
1978	6	1410
1979	6	333
198	3	1149
1988	6	2880
1989	0	1220
1989	0	2992
1989	2	1220
199	2	2461
199	2	3158
199	2	3331
1990	2	2188
1992	6	355
1993	7	2251
1994	0	983
1995	7	2771
1995	7	3230
1995	7	867
1997	7	3178
1999	3	2173
1999	3	3215
1999	3	529
200	7	1427
2000	6	1454
2000	6	369
2001	3	3087
2002	0	1344
2002	0	2518
2005	0	1093
2005	0	2215
2007	2	3421
2008	2	3136
2009	3	3612
201	2	3190
201	3	1914
2010	7	107
2010	7	2673
2011	3	3188
2012	2	2434
2013	0	591
2013	2	591
2014	2	3261
2014	3	1251
2014	3	3038
2014	3	3334
2015	2	1174
2016	3	2157
2016	3	2257
2016	3	2937
2017	7	1967
2017	7	2213
2017	7	2257
2017	7	3047
2017	7	447
2017	7	691
2017	7	981
2018	2	629
2019	7	2140
2019	7	2813
2019	7	284
2019	7	2884
2019	7	3001
2019	7	3268
2019	7	3413
202	0	3124
2020	7	3182
2020	7	947
2021	3	556
2022	0	2118
2023	2	1416
2023	2	3115
2024	2	2852
2025	0	3530
2026	0	1480
2026	2	1152
2026	2	3534
2027	0	1366
2027	0	3033
2027	0	3035
2027	0	3378
2028	3	1416
2028	3	3082
2028	3	3097
2029	0	1903
203	2	128
2030	0	1416
2031	0	3035
2032	2	2763
2033	2	2237
2033	2	554
2034	2	3041
2034	2	533
2036	3	590
2037	0	183
2038	7	2359
2038	7	2900
2039	7	2303
2039	7	2764
204	2	2786
2044	0	2796
2045	0	3188
205	7	2046
205	7	2466
2052	7	1151
2052	7	1200
2052	7	1711
2052	7	2433
2052	7	2959
2052	7	3090
2052	7	3183
2052	7	3258
2052	7	3313
2052	7	3391
2052	7	871
2052	7	990
2053	0	3059
2054	3	2943
2054	3	3150
2054	3	3206
2054	3	3244
2055	2	3223
2056	6	1410
2057	7	3145
2057	7	3270
2058	3	2169
206	0	2232
2060	7	1161
2060	7	1413
2060	7	1675
2060	7	194
2060	7	3056
2060	7	3083
2060	7	3122
2060	7	3162
2060	7	3197
2060	7	426
2060	7	44
2060	7	47
2062	6	2427
2066	0	3257
2066	2	3257
2067	2	3453
207	2	940
2070	0	2146
2070	2	2944
2072	6	2880
2073	0	2118
2075	2	1176
2075	2	1905
2075	2	2132
2075	2	3043
2075	2	3521
2076	6	1377
2078	2	1257
2079	2	944
208	2	3069
2080	0	232
2080	2	232
2080	2	284
2080	2	3170
2081	0	491
2082	2	2592
2083	0	2690
2083	0	656
2083	2	656
2084	0	2161
2084	0	2282
2084	2	2282
2085	2	3274
2085	2	535
2085	2	835
2087	2	708
2088	0	980
2088	7	2963
2088	7	980
2089	0	1078
2089	2	1078
209	0	970
2090	2	40
2091	3	140
2091	3	3316
2091	3	3413
2091	3	3513
2091	3	8
2092	7	1475
2092	7	2589
2092	7	3308
2092	7	469
2093	0	3006
2094	3	1382
2094	3	3194
2095	2	1291
2095	2	2457
2096	7	3137
2097	7	683
2098	0	3054
2099	0	3229
2099	2	3229
2099	7	3189
2099	7	3229
2099	7	3591
210	2	2813
2100	7	3180
2101	0	3224
2101	0	460
2102	2	3269
2102	2	3298
2103	2	3169
2104	7	11
2104	7	2227
2104	7	2876
2104	7	3287
2104	7	433
2104	7	667
2105	0	2232
2106	3	1243
2106	3	2160
2106	3	2535
2106	3	2763
2106	3	3481
2107	0	3278
2107	2	3057
2107	2	3278
2108	2	1387
2108	2	3591
2109	3	2789
2109	3	2959
211	0	3192
2110	0	2976
2110	7	1941
2110	7	2434
2110	7	2942
2110	7	2976
2110	7	3539
2111	7	1871
2111	7	258
2111	7	3302
2111	7	3307
2112	7	651
2113	2	407
2114	3	3144
2115	2	3062
2115	2	3481
2115	2	634
2116	7	112
2119	0	1405
2119	0	1982
2119	2	1405
212	0	3422
2120	2	2161
2121	2	3208
2122	7	3449
2123	7	1461
2123	7	1725
2123	7	1728
2123	7	1771
2123	7	1966
2123	7	2453
2123	7	2724
2123	7	2885
2123	7	3113
2123	7	3175
2123	7	3298
2123	7	3368
2123	7	380
2124	6	698
2125	7	1891
2126	0	3298
2127	0	3225
2128	2	3450
213	0	3397
213	2	3397
2131	7	1769
2135	0	1205
2136	2	2117
2136	2	3051
2136	2	888
2138	0	1733
2138	7	1733
2139	6	1378
2139	6	1902
2139	6	1920
2139	6	2425
2139	6	327
2139	6	363
214	3	1712
214	3	2658
214	3	3376
2141	6	3509
2142	6	2880
2147	2	3137
2147	2	3295
2148	6	3509
2149	2	1493
215	6	180
2150	7	1321
2153	6	1410
2154	0	3225
2155	7	124
2156	0	1003
2156	0	489
2158	6	313
216	7	3032
2163	6	1404
2164	0	883
2166	0	2784
217	0	276
217	7	2068
217	7	276
217	7	48
217	7	882
2170	0	607
2171	7	1289
2171	7	792
2172	6	9
2178	7	1918
2178	7	2520
2178	7	3450
2178	7	3519
2179	0	2689
2180	7	3146
2180	7	489
2181	0	301
2185	0	1386
2185	0	2447
2185	2	3238
2187	0	2691
2189	0	1738
219	6	18
2190	0	880
2191	7	1347
2191	7	527
2192	2	1492
2194	7	2519
2195	7	2255
2195	7	3046
2196	5	2529
2196	6	328
2196	6	329
2196	6	330
2197	6	2280
2197	6	2888
2197	6	315
2197	6	430
2198	7	308
2198	7	449
2201	2	2436
2201	2	3329
2203	3	2140
2203	3	2438
2203	3	3102
2203	3	650
2204	7	1914
2204	7	914
2205	6	10
2207	6	1410
2207	6	314
2207	6	320
2207	6	342
2207	6	3509
2207	6	459
2210	0	2270
2212	6	2888
2212	6	343
2212	6	349
2212	6	350
2212	6	3509
2212	6	430
2216	6	3435
2217	0	3210
2218	7	2786
222	3	3080
2222	2	1771
2223	0	3209
2224	0	2306
2224	2	2306
2225	6	1410
2226	6	1410
2226	6	3510
2226	6	3511
2229	2	0
223	7	2061
2230	0	1479
2231	0	3303
2234	3	1201
2234	3	1919
2234	3	2064
2234	3	221
2234	3	3210
2235	7	1381
2235	7	187
2235	7	3136
2235	7	3188
2235	7	3290
2235	7	3520
2235	7	793
224	6	1378
224	6	1920
224	6	2302
2241	0	2773
2241	0	3255
2243	0	2175
2243	2	2077
2243	2	3342
2243	2	406
2244	0	830
2245	3	2588
2246	2	2658
2246	2	3039
2246	2	3156
2247	0	2146
2247	0	2944
2247	2	2944
2248	2	1162
2248	2	3035
2248	2	490
2249	2	122
2249	2	2143
2249	2	3070
2249	2	3275
225	3	426
2252	4	1789
2253	6	513
2254	6	3509
2256	6	370
2258	0	558
226	2	1432
226	2	2870
2260	6	513
2263	6	353
2264	2	2228
2265	2	3416
2268	7	123
2268	7	2383
2276	4	1789
2277	4	1789
2278	4	1789
2279	4	1789
2281	4	1789
2283	0	2291
2283	0	3397
2283	0	708
2283	2	2291
2287	0	2815
2287	0	2876
2287	0	2901
2287	0	2958
2287	7	2875
2287	7	2958
2288	7	2818
2289	3	1412
2289	3	3201
2289	3	695
229	0	1970
229	2	1970
2290	0	2734
2290	0	3070
2290	0	3158
2293	3	2890
2293	3	2941
2293	3	537
2294	0	2629
2294	0	2958
2294	7	2958
2294	7	3095
2294	7	661
2295	3	228
2295	3	977
2296	2	1836
2296	2	971
2297	6	1208
2297	6	1453
2297	6	1454
2297	6	1455
2297	6	1920
2297	6	2298
2297	6	2299
2297	6	2300
2297	6	2301
2297	6	2302
2297	6	2423
2297	6	2424
2297	6	2425
2297	6	267
2297	6	2708
2297	6	2709
2297	6	2710
2297	6	2711
2297	6	2712
2297	6	2834
2297	6	2835
2297	6	323
2297	6	327
2297	6	333
2297	6	343
2297	6	349
2297	6	351
2297	6	363
2297	6	664
2297	6	693
230	0	196
2308	0	3134
2308	0	3135
2309	3	1980
2310	2	2992
2312	6	1406
2312	6	622
2312	6	623
2312	6	624
2312	6	9
2313	6	13
2313	6	14
2314	6	1378
2314	6	1450
2314	6	1451
2314	6	1452
2314	6	1920
2314	6	2299
2314	6	2301
2314	6	2302
2314	6	2827
2314	6	361
2314	6	664
2314	6	693
2317	6	3435
2320	3	2177
2322	0	3188
2323	0	2520
2324	7	3276
2325	0	2793
2327	2	1819
2328	0	1215
2329	0	1256
2329	0	1310
2329	0	2162
2329	7	1256
2329	7	1310
2329	7	1935
2329	7	1987
2329	7	2162
2329	7	255
2329	7	36
2329	7	467
233	2	434
2330	0	867
2330	2	867
2330	3	867
2331	7	1573
2331	7	839
2332	6	16
2332	6	18
2333	7	683
2334	0	2151
2335	0	3180
2336	0	3427
2336	7	1417
2336	7	3126
2336	7	3239
2336	7	3427
2337	2	788
2338	3	1007
2338	3	2118
2338	3	3276
2339	3	2457
2339	3	2846
234	2	3305
2340	0	3288
2341	7	1492
2341	7	2307
2341	7	2782
2341	7	3181
2341	7	3198
2342	2	557
2343	2	3392
2344	2	3453
2344	3	3197
2345	0	3130
2345	2	3130
2346	2	863
2347	0	2275
2348	7	46
2349	7	2430
235	6	3509
2350	0	281
2351	0	657
2355	7	1913
2355	7	3301
2356	3	1013
2356	3	3541
236	6	2824
2360	6	622
2361	6	16
2365	7	3449
2366	7	1493
2367	0	2239
2369	2	3529
2370	3	2797
2370	3	3
2370	3	3047
2370	3	3267
2370	3	813
2371	2	3202
2372	7	439
2373	2	153
2374	3	1334
2375	2	39
2376	2	3064
2377	3	1444
2377	3	2214
2377	3	2592
2377	3	3281
2378	0	21
2378	2	21
2378	2	2952
2379	2	1768
2381	2	3073
2381	2	3149
2382	0	3233
2384	3	1900
2384	3	3229
2384	3	407
2385	3	1333
2385	3	2957
2385	3	3290
2386	3	3222
2387	2	990
2388	2	2967
2389	3	3258
239	7	3146
2391	7	3426
2393	0	3356
2394	0	2724
2394	0	3197
2395	6	367
2396	3	1154
2397	0	3532
2398	0	1771
2398	0	826
2399	0	3233
240	0	71
2400	7	2269
2400	7	2414
2401	0	2269
2401	2	2269
2402	2	2735
2402	2	3263
2405	7	869
2406	3	2842
2408	0	1919
2408	0	2064
2408	0	3094
2408	2	2064
2408	2	221
2408	2	3094
2408	7	2064
2409	7	3096
241	2	2357
241	2	3370
2410	3	1165
2410	3	2635
2411	7	2413
2419	6	18
2419	6	315
2419	6	3509
242	3	3542
2421	6	2888
2422	6	2423
2422	6	2424
2422	6	2425
2422	6	2426
2422	6	2706
2422	6	2708
2422	6	327
2422	6	369
2422	6	733
2429	6	1902
243	7	2461
2431	6	2302
2431	6	3509
2431	6	374
2432	6	2298
2432	6	333
2437	0	1841
2437	2	1841
2439	0	2209
2439	0	2943
2439	0	3429
244	7	558
2441	6	2825
2443	6	313
2444	6	1377
2445	6	1920
2446	7	1085
2449	2	1085
2449	2	1374
245	0	2957
2452	0	3453
2454	6	359
2455	6	2831
2455	6	2833
2455	6	2838
2455	6	311
2455	6	324
2455	6	340
2455	6	350
2455	6	364
2455	6	371
2455	6	374
2459	6	3510
246	2	2390
246	2	429
2462	7	1412
2463	6	2704
2463	6	2705
2468	0	2464
2468	0	3113
2469	0	800
2469	7	2720
2469	7	2794
2469	7	2795
2469	7	800
247	0	3087
2470	7	1890
2471	7	1542
2472	7	3202
2473	0	3034
2473	0	597
2473	0	938
2473	7	2221
2473	7	2267
2473	7	3034
2473	7	597
2473	7	938
2474	2	786
2476	0	1913
2476	0	3301
2476	2	1913
2476	2	3301
2477	2	300
248	3	194
248	3	2146
248	3	3319
2480	7	2068
2481	3	1542
2482	0	301
2482	2	301
2483	2	3196
2484	7	196
2484	7	526
2486	3	1905
2486	3	3116
2486	3	3302
2486	3	380
2486	3	43
2487	3	107
2487	3	1181
2487	3	2159
2487	3	2673
2487	3	2772
2487	3	3352
2487	3	37
2488	7	2209
2488	7	888
2489	3	839
249	2	2227
249	2	3075
2490	2	2464
2492	2	33
2493	7	3600
2494	0	300
2496	2	2720
2496	2	2794
2497	0	3317
2497	7	2275
2497	7	3317
2498	2	3123
2499	7	3412
2499	7	820
250	2	3145
250	2	3270
2500	7	2077
2502	2	3297
2504	7	262
2504	7	3508
2505	7	2065
2507	0	1771
2509	0	1336
2509	7	1336
2509	7	3535
251	3	669
2510	3	2967
2510	3	309
2511	2	2071
2512	2	2782
2512	2	3213
2513	7	2515
2514	0	127
2514	0	3585
252	0	604
2521	3	1309
2522	2	3178
2522	2	456
2523	3	3269
2523	3	3280
2524	0	0
2524	0	1
2524	0	2
2525	7	2274
2525	7	3166
2528	0	590
2529	6	513
253	0	3101
253	0	3113
2530	6	1450
2530	6	1455
2530	6	2827
2531	6	2301
2531	6	664
2531	6	698
2531	6	943
2532	6	3509
2533	6	1920
2533	6	2709
2533	6	333
2534	6	1450
2534	6	1451
2534	6	1452
2534	6	1920
2534	6	2299
2534	6	2300
2534	6	2301
2534	6	2302
2534	6	333
2534	6	353
2534	6	693
2540	2	3253
2541	0	3133
2541	0	788
2542	3	3062
2542	3	3169
2542	3	3366
2543	7	2773
2543	7	940
2544	3	460
2545	2	1870
2545	2	3122
2545	2	3185
2546	0	3258
2546	0	996
2546	2	996
2547	3	1238
2547	3	2362
2547	3	409
2548	2	3449
2549	3	3226
2549	3	447
2551	2	256
2551	2	3173
2551	2	3321
2552	3	1152
2552	3	2791
2552	3	3112
2552	3	3171
2553	7	830
2554	7	2890
2555	3	2353
2555	3	3029
2556	0	2917
2557	7	125
2558	7	1532
2558	7	1820
2558	7	183
2559	0	1532
2562	0	3364
2563	2	3307
2564	0	2660
2565	0	2561
2566	0	1250
2567	0	1366
2567	0	3378
2567	7	1366
2567	7	3174
2567	7	3378
2568	0	1178
2568	0	3204
2569	3	3183
2570	0	2257
2571	0	3265
2572	3	2942
2572	3	3117
2573	0	1809
2574	2	1350
2575	7	42
2576	0	2876
2576	7	2262
2576	7	2875
2577	7	3204
2578	0	3411
2579	0	3154
2579	2	3154
2580	2	1461
2580	2	3033
2580	2	3255
2583	0	1165
2583	0	2451
2583	0	2635
2583	2	1165
2583	2	1851
2583	2	2635
2583	2	432
259	0	3401
2590	2	197
2590	2	2232
2590	2	590
2593	0	1250
2593	0	1252
2593	2	1250
2593	2	1252
2593	2	1352
2593	7	2448
2594	0	2304
2594	0	3535
2595	2	1382
2595	2	3194
2596	2	677
2597	0	1366
2597	0	3378
2597	7	1366
2597	7	3174
2597	7	3378
2598	0	2182
2598	0	2240
2598	0	3529
2598	2	2182
2598	2	2240
2598	2	3411
2599	0	37
26	0	3101
260	0	2796
2600	0	3533
2601	3	1293
2601	3	1936
2601	3	3370
2601	3	408
2602	0	46
2603	0	3316
2603	2	3316
2605	7	3135
2606	2	2755
2606	2	2764
2606	2	282
2606	2	2889
2606	2	3005
2606	2	3055
2607	0	1043
2607	2	2168
2608	3	188
2608	3	2003
2608	3	3533
2608	3	753
2609	3	2442
2609	3	3340
2609	3	661
2610	3	2251
2610	3	2796
2611	2	3365
2612	0	1177
2612	0	1336
2613	0	3397
2614	0	962
2616	2	553
2617	0	129
2618	3	3289
2619	0	2814
2619	2	2814
2619	3	2814
2619	7	2814
2620	0	107
2620	2	107
2621	7	2869
2622	2	3175
2623	2	1530
2623	2	454
2624	3	3048
2624	3	3099
2625	0	595
2626	3	3151
2627	2	2211
2627	2	3531
2628	2	390
263	6	18
263	6	312
263	6	342
263	6	343
263	6	349
263	6	350
263	6	3509
263	6	360
263	6	430
2630	0	882
2636	0	1907
2639	0	989
2639	2	989
264	6	3509
2640	2	1891
2641	0	3081
2641	2	3081
2642	0	889
2643	0	187
2644	3	1153
2644	3	3030
2646	2	3295
2647	7	3276
2648	2	650
2649	7	2633
265	6	1377
265	6	332
265	6	340
265	6	346
265	6	356
265	6	357
265	6	375
265	6	4
2650	3	1267
2652	0	866
2652	2	1573
2652	2	866
2653	0	1173
2653	0	1401
2653	0	22
2653	2	1173
2653	2	3240
2653	2	3437
2654	3	2208
2656	0	1984
2656	0	538
2657	7	1265
2657	7	3154
266	4	1789
2661	2	2267
2661	2	2414
2661	2	3246
2661	2	595
2662	6	3509
2663	0	3270
2664	0	1317
2664	2	1317
2664	2	76
2665	2	2118
2668	2	3250
2669	3	690
2670	3	3265
2671	2	991
2675	2	3211
2675	2	3284
2675	2	638
2676	2	2589
2677	2	1939
2678	2	1336
2679	2	1330
2681	7	194
2681	7	2208
2681	7	2672
2681	7	3006
2681	7	3453
2681	7	556
2682	2	3320
2683	6	352
2684	3	1353
2684	3	47
2685	2	3532
2685	2	465
2686	0	3394
2686	2	3394
2687	0	1728
2688	3	3090
2688	3	3164
2692	7	640
2693	7	46
2694	0	2074
2694	2	2074
2694	2	3244
2695	0	3051
2696	2	2271
2696	2	3281
2698	6	17
2698	6	623
2698	6	624
2699	4	1789
27	2	1414
270	6	2280
270	6	2880
2700	6	1377
2700	6	17
2700	6	2538
2700	6	267
2700	6	2703
2700	6	2704
2700	6	2705
2700	6	2707
2700	6	2709
2700	6	2710
2700	6	2711
2700	6	2712
2700	6	2835
2700	6	318
2700	6	348
2700	6	356
2700	6	362
2700	6	4
2701	6	2538
2702	6	14
2702	6	2879
271	0	1937
2713	0	2242
2714	0	2465
2715	7	3063
2716	7	2842
2717	0	2143
2718	0	188
2718	0	3521
2718	0	663
2718	0	983
2719	2	2586
272	6	2824
2721	0	276
2722	0	1738
2723	6	1920
2723	6	2703
2726	7	1733
2727	0	2460
2727	7	1321
2727	7	2460
2728	0	3476
273	6	513
2730	0	840
2730	0	857
2731	0	48
2732	2	3078
2733	3	2228
2733	3	3013
2737	2	143
2738	3	1381
2738	3	2182
2738	3	595
2738	3	667
2739	2	671
274	6	3509
2740	2	2887
2740	2	3125
2741	2	3015
2742	2	3356
2743	0	1889
2743	7	2383
2744	7	1397
2744	7	2383
2744	7	985
2745	0	2852
2745	0	2968
2745	0	3185
2745	0	537
2746	0	2390
2746	0	3284
2746	0	663
2747	7	1075
275	6	14
2750	7	276
2750	7	883
2751	2	276
2752	3	2004
2753	0	1400
2754	2	2315
2756	0	49
2757	6	622
2757	6	623
2757	6	624
2757	6	9
2759	6	2829
2759	6	2831
2759	6	354
2760	6	311
2760	6	324
2760	6	350
2760	6	374
2766	0	1004
2767	7	1352
2768	3	1569
277	2	3186
2770	0	3272
2774	0	1071
2774	7	1071
2776	4	1789
2777	4	1789
2778	4	1789
2779	4	1789
278	7	3423
2780	6	2835
2780	6	364
2780	6	371
2781	6	2879
2785	6	1410
2785	6	20
2787	2	2242
2788	2	3520
279	6	15
279	6	352
2790	0	3274
2790	0	34
2799	0	300
2799	7	300
28	0	3014
28	7	1149
28	7	1220
28	7	3014
28	7	3519
280	6	15
280	6	18
2800	0	231
2800	0	883
2800	7	231
2800	7	883
2801	0	1903
2803	2	3114
2804	3	1384
2804	3	2447
2804	3	3429
2807	7	720
2807	7	991
2809	7	870
2810	3	231
2811	0	1294
2812	7	3199
2812	7	3547
2812	7	428
2817	0	1292
2819	0	509
2820	2	3173
2820	2	817
2821	0	34
2821	2	3147
2821	2	3340
2822	0	1
2822	2	1
2822	2	2691
2823	2	2145
2832	4	1789
2839	4	1789
2841	7	3095
2843	7	40
2844	7	439
2845	2	3243
2847	6	3509
2848	0	3034
2856	6	3509
2858	0	49
2859	6	1902
286	6	2833
286	6	311
286	6	324
286	6	371
286	6	374
2861	6	14
2862	0	2004
2863	2	2460
2864	7	2215
2864	7	3364
2866	6	2979
2867	6	3510
287	6	363
2871	7	111
2872	0	2262
2872	0	2901
2872	0	558
2873	6	349
2874	6	3509
2877	6	513
2878	6	10
2878	6	17
2878	6	2880
2878	6	315
2878	6	622
288	6	3509
2881	6	1026
2881	6	1410
2881	6	1453
2881	6	181
2881	6	1920
2881	6	2302
2881	6	2825
2881	6	3509
2881	6	3512
2881	6	361
2882	4	1789
2883	6	1455
2883	6	180
2883	6	334
2883	6	338
2883	6	365
2886	2	3310
289	4	1789
2892	7	3140
2893	7	1493
2893	7	3224
2893	7	460
2894	7	3049
2896	2	2270
2897	2	1914
2898	7	1820
29	0	1984
290	2	2784
2903	3	2227
2903	3	3238
2903	3	3403
2904	7	3541
2905	3	269
2905	3	3156
2908	2	3144
2909	0	3037
291	3	2215
2910	2	1983
2910	2	3308
2911	2	3423
2912	0	548
2912	0	555
2913	3	1171
2913	3	2978
2913	3	3393
2914	3	3085
2914	3	982
2915	0	1219
2915	0	3221
2915	2	3221
2916	7	824
2918	7	124
2919	0	3034
2919	2	3034
292	0	2151
292	2	1809
292	2	2151
2920	7	3086
2921	2	510
2922	0	410
2923	7	1068
2923	7	3170
2924	0	640
2925	2	1011
2925	2	2176
2926	2	2435
2927	2	3239
2928	3	1170
2928	3	3114
2929	0	2228
2929	2	3393
2929	2	584
2930	2	140
2930	2	3513
2930	2	8
2931	3	1205
2931	3	1985
2931	3	2134
2931	3	36
2931	3	412
2932	2	129
2933	0	3034
2934	7	2272
2934	7	3493
294	7	1267
294	7	2447
2940	6	2837
2945	3	1200
2945	3	268
2945	3	947
2946	2	3540
2946	3	2537
2946	3	2735
2946	3	3382
2946	3	3540
2946	3	554
2947	3	70
2948	2	1012
2949	2	3453
295	0	268
295	0	3429
295	2	1985
295	2	268
295	2	947
2951	6	20
2953	6	3510
2955	6	698
296	3	1475
296	3	3050
296	3	3264
2964	3	1834
2965	0	121
2966	0	3164
2966	0	3188
2969	0	2315
2969	7	2315
2970	0	1940
2972	6	2826
2972	6	363
2973	6	2707
2973	6	2837
2973	6	3509
2973	6	354
2973	6	733
2974	6	2426
2974	6	2829
2974	6	2838
2974	6	322
2974	6	347
2974	6	369
2974	6	732
2981	6	3509
2982	0	3532
2982	0	465
2984	0	2495
2984	2	2495
2984	2	3107
2987	6	13
2988	6	19
299	2	1008
299	2	412
2991	6	10
2991	6	7
2993	6	624
2994	0	494
2994	2	494
2994	3	494
2995	3	2315
2996	7	979
2997	7	1851
2997	7	3239
2998	6	20
30	3	276
30	3	3014
3000	3	143
3000	3	2985
3000	3	560
3003	2	3252
3004	2	3097
3004	2	3539
3007	0	3350
3008	2	1890
3009	3	2815
3009	3	3333
3010	0	619
3010	7	2383
3012	7	1903
3012	7	3195
3018	0	3271
3019	7	2282
3019	7	2954
3020	0	3148
3020	2	3148
3021	2	864
3022	0	1181
3022	0	3331
3023	0	2061
3023	2	2061
3023	2	3390
3023	2	651
3025	0	3226
3025	2	3226
3025	2	3299
3028	3	1851
3028	3	2237
3028	3	3245
3028	3	3278
303	0	1079
303	0	637
304	6	2979
305	0	3168
306	7	660
307	6	318
319	4	1789
325	4	1789
326	4	1789
331	4	1789
332	4	1789
3336	0	3161
3336	0	3311
3336	0	816
3338	3	3041
3338	3	533
3339	7	507
3341	6	359
3343	3	431
3344	7	996
3345	0	197
3346	7	1907
3346	7	2516
3346	7	2763
3346	7	3093
3346	7	3326
3347	3	1178
3347	3	3203
3349	0	3067
3349	0	3214
3357	6	2979
3358	6	10
336	4	1789
3361	2	126
3361	2	309
3362	0	3256
3363	0	1161
3363	2	2902
3363	2	3298
337	4	1789
3371	2	2765
3372	2	1264
3373	0	803
3373	2	803
3374	2	1298
3374	2	3137
3375	3	2748
3377	2	2755
3380	7	1007
3381	0	469
3383	2	1445
3384	6	3509
3385	0	407
3386	0	232
3387	2	3180
3388	2	3074
3388	2	3376
3389	2	2535
339	4	1789
3398	7	1809
3398	7	3403
3398	7	562
3398	7	639
3398	7	738
3399	0	3285
3399	7	1180
3399	7	232
3399	7	3285
3399	7	797
3400	3	3591
3405	0	3165
3406	6	2706
3406	6	2708
3406	6	2838
3407	2	3044
3407	2	3401
3409	6	1410
3410	6	3509
3410	6	624
3414	0	3091
3414	7	1148
3414	7	1250
3414	7	1252
3414	7	1772
3414	7	3091
3415	7	2868
3417	6	3510
3417	6	3511
3418	6	3509
3419	6	2879
3420	6	14
3430	6	2888
3430	6	311
3431	6	3509
3431	6	624
3432	6	1404
3432	6	1410
3432	6	18
3432	6	2888
3432	6	310
3432	6	311
3432	6	320
3432	6	324
3432	6	342
3432	6	343
3432	6	3509
3432	6	3511
3432	6	430
3432	6	459
3432	6	513
3432	6	6
3432	6	655
3433	6	4
3434	6	10
3434	6	12
3434	6	14
3434	6	1410
3434	6	18
3434	6	19
3434	6	2888
3434	6	312
3434	6	314
3434	6	324
3434	6	342
3434	6	3435
3434	6	3509
3434	6	3510
3434	6	3511
3434	6	3512
3434	6	352
3434	6	374
3434	6	459
3434	6	513
3434	6	622
3434	6	624
3440	6	3512
3441	7	1542
3442	2	137
3443	6	623
3443	6	624
3444	0	3600
3444	2	3600
3445	0	1576
3445	2	1576
3445	2	553
3446	0	553
3448	7	3544
3451	7	49
3452	2	1708
3454	6	655
3457	3	3529
3458	7	3328
3459	0	1963
3459	2	1963
346	4	1789
3460	2	1588
3460	2	3324
3460	2	3396
3461	7	2975
3462	0	3150
3462	0	3152
3463	2	3131
3464	7	2632
3465	7	1217
3465	7	228
3465	7	2761
3465	7	2852
3465	7	858
3465	7	888
3467	6	1377
3471	0	1815
3472	2	1917
3473	7	1330
3474	2	1966
3474	2	3079
3478	6	1902
3479	2	3179
3480	6	1378
3483	2	3229
3484	7	1432
3485	7	3318
3486	0	2762
3486	0	3453
3487	2	2211
3487	2	2748
3487	2	2975
3488	0	2464
3488	0	3266
3488	0	3267
3489	7	1202
3490	0	1439
3490	0	637
3491	0	3033
3494	6	1920
3494	6	2425
3494	6	327
3494	6	363
3495	0	3063
3496	3	1530
3496	3	3355
3497	0	3313
3498	0	1161
3499	7	2175
3500	0	1267
3500	2	1267
3500	2	2961
3500	2	3544
3501	2	3193
3501	2	585
3501	2	661
3502	0	2990
3502	3	1386
3502	3	1719
3503	0	3364
3505	7	1075
3505	7	1329
3506	0	1462
3515	0	1178
3515	0	2902
3516	2	1293
3516	2	824
3517	3	3404
3517	3	539
3523	3	3091
3523	3	3312
3524	0	1420
3524	2	1420
3525	7	537
3525	7	987
3526	0	2458
3526	2	2771
3527	2	228
3527	2	451
3528	4	1789
3545	0	3249
3545	2	3249
3546	2	123
3546	2	2412
3546	2	619
3549	2	1161
3549	2	2629
3549	2	2672
3549	2	2958
3550	0	46
3550	2	3035
3550	2	3355
3551	7	3277
3551	7	3331
3552	7	2047
3552	7	3206
3552	7	3215
3552	7	3253
3552	7	3320
3552	7	3438
3552	7	379
3552	7	753
3552	7	987
3553	0	3208
3554	0	1987
3555	0	122
3555	2	1419
3555	2	3298
3556	0	826
3558	2	178
3559	2	1937
3559	2	38
3559	2	985
3560	0	1003
3562	3	1291
3562	3	3285
3563	0	3092
3564	3	2999
3564	3	517
3565	3	2629
3565	3	2968
3566	3	1336
3566	3	2749
3567	3	1154
3567	3	1728
3567	3	2526
3568	3	3209
3569	0	517
3570	0	2660
3571	0	1162
3571	0	2262
3571	0	3217
3573	3	11
3573	3	990
3574	0	3450
3576	7	3121
3576	7	3354
3576	7	3408
3577	3	3146
3577	3	3438
3578	0	1257
3578	0	1309
3578	0	1725
3578	0	2291
3578	0	2292
3578	0	254
3578	0	255
3578	0	2561
3578	0	3291
3578	0	39
3578	0	636
3579	3	1290
3579	3	2763
3579	3	3539
3580	7	1309
3580	7	2560
3580	7	3353
3581	2	3594
3581	2	380
3581	2	381
3581	2	787
3583	7	2589
3584	0	1900
3584	2	1900
3584	2	407
3586	0	619
3588	7	3246
3589	0	3397
3590	2	2633
3590	2	3174
3592	2	23
3593	0	839
3595	7	1890
3596	0	3186
3596	0	3305
3597	6	2833
3597	6	311
3597	6	324
3597	6	374
3598	2	1733
3598	2	3508
3598	2	800
3599	0	3401
3599	0	916
3601	6	2280
3602	0	1263
3602	2	1263
3603	2	2259
3604	3	2257
3604	3	2404
3605	0	2208
3605	0	3369
3606	6	1920
3606	6	2709
3608	3	3426
3608	3	869
3609	6	2826
3610	0	1320
3610	2	1320
3611	2	1728
3611	2	2724
3611	2	3101
3611	2	3113
3611	2	3298
3613	0	529
3613	0	55
3615	6	2979
3616	2	2285
3617	0	1145
3618	7	2659
366	4	1789
372	4	1789
376	6	311
376	6	324
376	6	350
376	6	374
378	6	3509
378	6	374
382	7	431
383	0	1809
383	0	2144
383	0	2363
383	0	2941
383	0	3152
383	0	3254
383	0	3421
383	0	3594
384	0	2786
385	2	2412
387	7	3104
387	7	3158
388	0	2047
388	0	3215
389	7	3140
391	5	1789
392	6	311
393	6	2979
394	3	3278
394	3	3282
395	7	1444
395	7	1530
395	7	2456
396	2	3225
397	3	2815
397	3	3167
398	2	5
399	2	3325
400	3	1182
400	3	1411
400	3	1984
400	3	43
401	0	880
401	7	880
402	7	1492
402	7	3181
402	7	3198
403	0	379
405	2	2448
411	7	3449
413	3	121
413	3	1462
413	3	3208
414	7	2447
414	7	3303
414	7	3429
415	2	2186
416	3	1576
416	3	553
416	3	864
417	0	3267
418	3	3118
419	0	3125
420	0	1446
420	7	1298
420	7	2518
421	7	2359
422	7	1330
423	3	3299
424	2	3116
435	0	2980
435	2	2980
435	2	43
436	3	1172
436	3	1344
436	3	2674
436	3	3053
436	3	3332
436	3	3396
436	3	489
436	3	490
441	0	3261
441	0	3272
443	2	526
444	3	2887
444	3	3125
445	2	433
448	0	2853
448	2	2853
455	7	407
457	0	2145
457	0	2146
461	6	2712
462	4	1789
463	7	3402
463	7	440
464	0	864
464	0	865
466	6	363
466	6	733
468	6	2888
470	0	3191
470	0	467
470	2	467
471	0	3163
472	2	2775
474	2	3119
474	2	3587
475	2	2773
477	7	1707
478	0	3231
478	2	2352
478	2	3231
479	0	3034
480	0	2495
480	0	3107
480	7	2495
480	7	3107
480	7	3109
484	6	6
485	6	1404
485	6	311
485	6	312
485	6	324
485	6	343
485	6	349
485	6	350
485	6	374
486	6	3512
487	6	343
487	6	513
488	6	513
493	7	2173
493	7	3370
493	7	404
495	0	2316
495	2	3082
496	7	1008
497	2	2963
498	0	3077
498	7	3077
499	3	676
500	7	153
500	7	676
501	7	1475
502	2	3287
503	0	3529
503	2	1293
506	0	1336
508	6	3509
51	7	482
512	6	1410
514	0	553
514	7	1923
514	7	553
515	2	3096
516	6	3510
516	6	3511
518	2	1162
518	2	1177
519	0	2199
519	0	3129
519	0	3142
519	2	2199
519	2	3129
519	2	3142
52	6	523
520	2	2587
521	6	14
522	6	523
522	6	698
524	0	3015
524	0	3068
525	7	1414
528	0	3321
53	0	2042
53	2	2042
53	2	3118
531	6	312
531	6	3509
531	6	374
531	6	430
54	0	1821
540	0	2354
540	0	379
540	0	451
541	7	3314
543	2	2956
544	0	3071
545	7	1919
546	7	3342
547	3	1195
547	3	3233
549	7	1257
549	7	2407
549	7	2592
549	7	285
549	7	3037
549	7	3172
549	7	3351
551	4	1789
552	0	3083
559	2	3068
559	2	3176
559	2	3294
56	3	3213
561	0	3179
563	0	128
563	0	3205
564	2	379
565	3	3298
566	0	1206
566	0	2220
566	0	2772
566	0	32
566	0	753
566	0	754
567	7	1013
568	3	3315
57	6	2298
570	2	1923
570	2	2040
571	0	1093
571	0	1809
571	0	2144
572	0	2363
572	0	2941
572	0	3594
572	0	425
574	2	3146
575	0	2447
575	2	112
576	0	197
577	2	1831
578	6	664
579	0	3074
58	7	1707
580	0	2304
580	0	3522
581	0	1893
581	0	2420
581	0	3072
581	0	3212
581	2	1893
581	2	2420
581	2	2798
581	2	3072
581	2	3108
581	2	3212
581	7	1893
582	7	3286
582	7	791
583	0	1530
583	0	1531
583	0	1532
583	0	1533
587	0	3260
587	2	3260
588	3	3070
59	0	3076
59	2	3076
593	6	10
593	6	622
596	0	3412
598	0	2516
599	3	1180
599	3	126
599	3	1983
599	3	232
599	3	2416
599	3	2475
599	3	2535
600	2	2638
601	0	1965
601	2	1965
602	3	2517
603	3	1986
603	3	2213
603	3	3170
606	7	2765
606	7	3248
606	7	3279
606	7	586
606	7	662
606	7	921
608	7	3239
609	3	143
61	7	3203
61	7	3214
61	7	3328
61	7	835
610	2	3054
611	0	3263
612	2	1409
613	3	3171
616	0	1820
616	0	2169
617	0	1152
617	7	1152
617	7	2503
617	7	3125
617	7	3128
617	7	3156
617	7	3534
618	0	1292
62	0	3066
62	0	754
625	3	2232
625	3	2436
625	3	3493
625	3	427
626	2	188
626	2	2869
626	2	663
627	2	1258
627	2	2236
627	2	2318
63	7	1387
63	7	1831
630	0	1145
630	2	1145
633	0	1871
633	2	1871
635	0	2041
635	0	3315
635	0	454
64	2	1915
64	2	3428
641	7	3393
642	0	3585
642	2	3044
642	2	3585
643	7	3031
643	7	3060
643	7	33
644	2	3272
645	7	1834
645	7	2725
646	2	281
646	3	2773
647	0	2305
648	2	123
648	2	2383
648	2	619
65	3	3216
652	7	2318
652	7	970
653	0	1013
654	0	2307
658	6	1026
658	6	181
658	6	373
659	6	20
66	0	120
66	0	1939
66	0	3016
66	0	3017
66	0	970
665	3	1769
665	3	2255
665	3	3217
666	3	2813
666	3	3114
666	3	3141
67	0	3136
670	4	1789
672	7	450
673	6	2425
673	6	267
673	6	2703
673	6	2706
673	6	2708
674	6	3435
675	3	2944
679	6	313
68	0	3136
680	6	2536
680	6	2826
680	6	664
680	6	943
681	6	313
684	7	3263
685	0	1384
685	2	1384
686	3	2868
688	7	978
689	0	1296
689	0	1353
689	0	3045
689	2	3045
69	0	735
694	6	1920
694	6	2425
694	6	267
694	6	2706
694	6	2708
694	6	2709
694	6	327
694	6	363
694	6	369
696	6	3509
696	6	351
697	6	943
701	6	12
701	6	655
702	0	3315
702	0	3333
702	0	429
706	7	3039
707	0	3436
707	2	3436
707	2	3614
710	0	465
711	7	3133
711	7	517
711	7	585
712	6	3509
713	7	3327
714	0	2319
714	2	2319
715	0	1820
715	0	3115
716	7	1085
717	2	2748
717	2	3046
718	0	1066
72	0	3508
721	0	539
721	0	682
722	2	285
723	0	438
725	3	3227
725	3	3594
726	2	2048
727	3	620
727	3	739
729	0	2238
729	2	2238
729	7	2238
73	0	3157
73	0	870
73	2	3157
73	2	3200
73	2	870
730	2	2960
731	0	126
731	0	25
731	0	427
731	7	1063
731	7	1290
731	7	2416
731	7	2456
731	7	309
731	7	3334
731	7	3507
731	7	427
731	7	590
731	7	824
734	2	3356
736	3	2364
737	7	2440
74	0	3146
740	0	3266
740	0	594
740	2	638
741	0	2782
742	7	3469
743	0	1446
743	7	1293
743	7	532
744	7	112
744	7	237
745	7	1173
745	7	1401
745	7	2793
745	7	3288
745	7	554
747	7	3350
748	7	557
749	3	1915
749	3	22
75	7	1176
75	7	1177
750	3	2855
750	3	3099
750	3	3313
750	3	526
750	3	656
751	2	536
752	7	1294
752	7	1353
752	7	1917
752	7	3355
755	2	690
756	0	2791
756	0	3127
756	2	2791
756	2	3120
757	3	3117
758	7	3276
759	0	3426
759	2	3426
760	2	3084
761	0	3106
762	2	1730
763	0	2436
765	7	1409
765	7	2306
766	0	2899
768	0	2266
768	2	1203
768	2	1333
768	2	2266
768	2	2957
768	3	2461
768	3	254
769	0	3492
77	2	2453
770	2	1906
771	0	1205
771	0	3102
772	7	1386
772	7	150
772	7	1969
772	7	2176
772	7	3243
773	0	3529
774	2	3351
775	0	1881
776	7	1075
776	7	1836
776	7	3133
776	7	3147
776	7	3241
776	7	3275
777	0	1416
779	2	3317
78	0	143
780	0	3230
781	7	1766
781	7	21
781	7	3259
781	7	984
782	0	2428
782	2	2428
783	3	2363
784	0	2271
785	2	1188
789	0	1401
789	0	3437
79	3	1215
790	0	1007
790	7	1007
794	7	1288
794	7	238
794	7	3139
794	7	798
795	0	25
795	7	25
796	3	3109
799	0	3519
799	2	3519
80	0	605
80	7	1251
801	2	1335
801	2	1393
801	2	3024
802	0	3342
802	0	406
804	2	3184
804	2	491
805	6	622
806	6	2837
806	6	2838
806	6	321
806	6	340
806	6	3509
806	6	4
807	6	732
807	6	733
808	2	410
809	0	2884
81	2	2900
81	2	667
810	7	2063
811	0	2359
812	3	2129
812	3	3111
812	3	3117
812	3	3334
814	2	1219
815	0	439
815	2	1707
815	2	3291
815	2	439
82	0	3192
82	7	3192
823	0	3470
823	0	3518
823	2	3518
825	7	1871
827	7	1922
827	7	2517
827	7	3036
827	7	708
827	7	826
828	0	187
83	7	1317
83	7	1341
83	7	2417
83	7	3153
83	7	3191
83	7	32
832	6	3511
833	7	136
834	3	1326
834	3	2117
834	3	888
836	3	1409
837	6	3435
838	6	3435
84	0	2430
84	0	557
84	2	2430
841	2	3354
842	0	1355
842	7	1355
842	7	3132
843	0	2962
844	2	1833
845	0	820
846	2	3140
847	3	1004
847	3	649
847	3	868
848	0	3255
85	2	980
850	3	3062
850	3	3412
851	0	490
852	0	2047
853	2	3185
854	0	1162
854	0	2206
855	0	44
856	3	2890
856	3	3368
860	7	1968
861	2	2221
861	2	938
862	2	1397
872	6	2536
873	6	317
874	6	698
875	6	1920
875	6	361
876	6	1450
876	6	1451
876	6	353
877	6	2829
878	6	1455
878	6	1920
878	6	2301
878	6	338
878	6	363
878	6	365
878	6	367
879	6	348
88	0	3238
88	0	669
88	7	3062
88	7	3238
88	7	3481
88	7	390
88	7	555
88	7	634
88	7	669
88	7	982
881	0	2891
881	0	3155
881	0	3197
884	0	553
885	6	2825
885	6	316
885	6	334
885	6	335
885	6	733
886	3	3138
886	3	3168
886	3	3538
887	6	1404
89	6	3509
891	3	2999
891	3	3051
892	7	3413
893	7	3518
894	0	2168
894	0	2169
895	0	708
895	0	709
896	2	3266
897	0	3131
899	0	1954
899	0	377
900	2	2305
900	2	3543
902	2	1172
902	2	2206
903	2	3104
903	3	3607
903	3	858
904	0	2199
904	0	3142
904	2	2199
904	2	3142
905	0	1808
905	0	3304
906	3	3206
907	2	3244
908	0	3085
908	7	2233
908	7	3085
908	7	3149
908	7	813
909	0	3150
91	3	1162
910	7	1808
910	7	2318
910	7	2748
912	0	3070
913	0	3368
915	6	3435
915	6	3509
917	6	2831
918	6	351
918	6	354
918	6	363
919	6	317
919	6	335
919	6	341
92	2	3222
920	6	1454
920	6	1920
920	6	2831
920	6	2838
920	6	322
920	6	363
922	0	1347
922	2	1347
922	2	527
923	7	2458
924	2	3183
926	2	3135
927	3	3135
928	7	2286
928	7	2854
928	7	3069
928	7	3294
928	7	3404
928	7	3411
928	7	505
928	7	533
929	3	1427
929	3	3321
929	3	638
93	0	2674
93	0	3099
930	0	3050
931	7	3222
932	0	1348
933	2	3269
934	7	1438
935	0	447
935	2	447
936	2	3425
937	0	3083
939	6	2880
939	6	314
939	6	320
939	6	342
939	6	360
939	6	459
939	6	513
939	6	7
94	0	491
942	6	334
945	7	1201
945	7	1255
945	7	1915
945	7	1936
945	7	221
945	7	3094
945	7	3169
945	7	3187
945	7	3300
945	7	3416
945	7	5
946	0	1919
946	0	1965
946	0	2467
946	0	3421
948	3	3235
95	2	534
952	0	2161
952	0	2967
953	7	3274
953	7	535
954	0	2074
954	0	3015
954	2	2074
954	2	3215
954	2	3328
955	7	695
956	2	3542
957	2	453
958	7	2270
958	7	971
960	2	3216
960	2	3368
963	6	14
963	6	2879
963	6	3509
964	1	1789
964	6	3510
964	6	3511
965	6	2298
966	0	3103
967	0	2064
968	6	1410
968	6	3511
969	0	3089
97	7	584
972	2	1066
972	2	3171
973	0	985
974	2	509
975	0	3134
976	2	987
98	0	3210
98	2	187
98	2	3210
98	2	3235
986	6	2828
986	6	523
988	0	3006
99	0	1530
993	0	1335
993	0	1349
993	0	2071
993	0	998
994	0	720
995	3	1917
995	3	3105
995	3	3247
999	6	3509
