Mean Rank: 16, 5
Mean RR: 0.1920, 0.6880
Hit@1: 0.0688, 0.6006
Hit@3: 0.1755, 0.7375
Hit@5: 0.2799, 0.7958
Hit@10: 0.5008, 0.8578
0.6974495053291321
0.6976118683815002
0.6972465515136719
0.6960830688476562
0.6950271725654602
0.6941174268722534
0.6925236582756042
0.6914243102073669
0.6887292265892029
0.6847541332244873
0.6791098117828369
0.673719048500061
0.6667065024375916
0.6587011814117432
0.656054675579071
0.6432713270187378
0.6280357837677002
0.6102911829948425
0.6063545942306519
0.5918923020362854
0.5855926871299744
0.5659885406494141
0.5503318905830383
0.5281788110733032
0.5256657600402832
0.5131658315658569
0.5117266178131104
0.5090261101722717
0.5154111981391907
0.48263728618621826
0.4766378402709961
0.4698107838630676
0.46454542875289917
0.4639088809490204
0.4572979211807251
0.4327068626880646
0.4534677267074585
0.4697387218475342
0.43002867698669434
0.4337608516216278
0.40442800521850586
0.410035103559494
0.4438904821872711
0.4124746322631836
0.4291589558124542
0.4177652895450592
0.42624300718307495
0.41858065128326416
0.40632444620132446
0.43178698420524597
0.4158751368522644
0.4027990996837616
0.4126167297363281
0.39517533779144287
0.39383065700531006
0.39666271209716797
0.4077930152416229
0.4025619924068451
0.3973768949508667
0.4022023379802704
0.37686851620674133
0.389885812997818
0.3968912661075592
0.4131915867328644
0.4010674059391022
0.38913387060165405
0.3925979733467102
0.3968237042427063
0.38333243131637573
0.38411563634872437
0.39541977643966675
0.3863863945007324
0.3973105251789093
0.3840556740760803
0.381560355424881
0.3789665997028351
0.40257784724235535
0.3861526846885681
0.3906158208847046
0.39609700441360474
0.3756082355976105
0.3785678744316101
0.38944149017333984
0.3961734175682068
0.3694709241390228
0.35848501324653625
0.3635009527206421
0.37655121088027954
0.3835172653198242
0.3848361074924469
0.3918328881263733
0.3831466734409332
0.37117984890937805
0.38175714015960693
0.36174070835113525
0.3807569146156311
0.38516443967819214
0.3791208267211914
0.3710654377937317
0.3591877818107605
0.36148157715797424
0.3757595121860504
0.36741042137145996
0.3805391192436218
0.3628622591495514
0.37432458996772766
0.3611869215965271
0.4159448444843292
0.35711151361465454
0.37581875920295715
0.3453207015991211
0.3738560080528259
0.3525075912475586
0.36444705724716187
0.3777570128440857
0.37156617641448975
0.3809680938720703
0.36676183342933655
0.36848536133766174
0.3784264326095581
0.3629087507724762
0.37164080142974854
0.36922717094421387
0.3844250738620758
0.3790658414363861
0.365140438079834
0.3445327579975128
0.3616323471069336
0.3892785310745239
0.36405327916145325
0.36026376485824585
0.38833457231521606
0.3566829562187195
0.35092562437057495
0.3821542263031006
0.3731415271759033
0.38435402512550354
0.355822890996933
0.3597012460231781
0.34630703926086426
0.35981065034866333
0.3468451201915741
0.36215314269065857
0.3463481068611145
0.3604423701763153
0.3692370653152466
0.36887067556381226
0.3653099834918976
0.364044725894928
0.39236316084861755
0.3438536822795868
0.35884830355644226
0.3557751476764679
0.34962737560272217
0.3558506965637207
0.3667728304862976
0.3711620271205902
0.3908800482749939
0.35696130990982056
0.35704657435417175
0.36698615550994873
0.37687355279922485
0.3882348835468292
0.36040595173835754
0.34335219860076904
0.38564008474349976
0.3660286068916321
0.36014026403427124
0.3583305776119232
0.3552594780921936
0.3596152663230896
0.35722067952156067
0.3503047525882721
0.3399401307106018
0.387361615896225
0.37725797295570374
0.36041221022605896
0.3761809170246124
0.366834819316864
0.37695765495300293
0.3520968556404114
0.3689199984073639
0.3446367681026459
0.36083874106407166
0.3709774315357208
0.3676689565181732
0.37956273555755615
0.3544730842113495
0.3594542443752289
0.34658268094062805
0.3591834306716919
0.36133453249931335
0.3655429780483246
0.353574275970459
0.357453316450119
0.35077521204948425
0.3687455356121063
0.35927242040634155
0.37225082516670227
0.3550734519958496
0.3679039776325226
0.39018696546554565
0.3603842854499817
0.34157466888427734
0.3743740916252136
0.36097952723503113
0.35904571413993835
0.33348795771598816
0.35340064764022827
0.3704208731651306
0.35713788866996765
0.33789849281311035
0.3474925756454468
0.3525272607803345
0.3471555709838867
0.35266348719596863
0.3647162616252899
0.3596288561820984
0.3699820637702942
0.36308562755584717
0.36272621154785156
0.34878429770469666
0.3579319715499878
0.35143983364105225
0.3663390874862671
0.3597966730594635
0.36799919605255127
0.36809206008911133
0.3701493740081787
0.36213260889053345
0.3346075713634491
0.3619356155395508
0.35878986120224
0.34236645698547363
0.35082876682281494
0.37079495191574097
0.3574399948120117
0.3519558608531952
0.36168932914733887
0.34736478328704834
0.3394153416156769
0.3586030602455139
0.36927294731140137
0.3699173927307129
0.345347136259079
0.3500305116176605
0.3396846652030945
0.33036965131759644
0.35541093349456787
0.36145442724227905
0.34472328424453735
0.3705834150314331
0.3340548872947693
0.37480470538139343
0.3617800772190094
0.3683607578277588
0.3387274146080017
0.3507430851459503
0.3593963086605072
0.3533897399902344
0.3664889335632324
0.3616238534450531
0.35065165162086487
0.3663303256034851
0.3705703616142273
0.35865363478660583
0.35665640234947205
0.34646904468536377
0.366363525390625
0.35496464371681213
0.357336163520813
0.3564635217189789
0.3607080578804016
0.3630784749984741
0.34953615069389343
0.36025798320770264
0.35549983382225037
0.3486391305923462
0.37282493710517883
0.35651254653930664
0.36254602670669556
0.35451072454452515
0.35222193598747253
0.3598538041114807
0.3374430239200592
0.3756151497364044
0.3490898311138153
0.346693217754364
0.34582841396331787
0.36987724900245667
0.364301472902298
0.34888705611228943
0.362583726644516
0.3659135699272156
0.33393940329551697
0.37560030817985535
0.36723124980926514
0.35184305906295776
0.35961610078811646
0.3310658931732178
0.3544544577598572
0.3474718928337097
0.34057629108428955
0.3641759753227234
0.33793771266937256
0.37462112307548523
0.3537069261074066
0.3454395532608032
0.35482075810432434
0.3713068664073944
0.34097951650619507
0.36886686086654663
0.3614406883716583
0.3570808470249176
0.3513294756412506
0.35425567626953125
0.35572683811187744
0.36662107706069946
0.3569073975086212
0.36384546756744385
0.3570736050605774
0.35340049862861633
0.3472166657447815
0.35392528772354126
0.3666934072971344
0.37195688486099243
0.3476814329624176
0.36464348435401917
0.3634962737560272
0.3506178557872772
0.34729281067848206
0.33395397663116455
0.3698630630970001
0.3466015160083771
0.3492543399333954
0.3626144528388977
0.35057318210601807
0.35293373465538025
0.3575349450111389
0.37261492013931274
0.3453827202320099
0.357779324054718
0.33540359139442444
0.349309504032135
0.3738430440425873
0.3630361258983612
0.32473239302635193
0.34098267555236816
0.376650333404541
0.34290990233421326
0.34384340047836304
0.344412624835968
0.3616262376308441
0.33494463562965393
0.3654592037200928
0.36433085799217224
0.3367687463760376
0.3388345241546631
0.3595122694969177
0.3700328767299652
0.34552353620529175
0.3727158308029175
0.3457479178905487
0.3574458956718445
0.33827051520347595
0.3391599953174591
0.3674876093864441
0.34363237023353577
0.35632938146591187
0.3327946960926056
0.3609420955181122
0.3540882468223572
0.35932326316833496
0.34718745946884155
0.35055220127105713
0.3460795283317566
0.3656165599822998
0.36121800541877747
0.35141611099243164
0.3548241853713989
0.3640007972717285
0.3388752043247223
0.3534899353981018
0.37027549743652344
0.36927860975265503
0.3533024787902832
0.3528141975402832
0.3418055772781372
0.3619779050350189
0.358111709356308
0.3590259850025177
0.3414786458015442
0.35602205991744995
0.3603214621543884
0.3322734236717224
0.3666578531265259
0.3551846146583557
0.33504724502563477
0.35336652398109436
0.348908007144928
0.3483949601650238
0.3452528715133667
0.3681984543800354
0.3595486283302307
0.3535865545272827
0.37649765610694885
0.35441333055496216
0.3521715998649597
0.34435373544692993
0.3481419086456299
0.34452393651008606
0.3535592257976532
0.3664775490760803
0.3592435121536255
0.3631805181503296
0.3659965395927429
0.3400438129901886
0.3406062126159668
0.3663434088230133
0.3320105969905853
0.33571740984916687
0.36624088883399963
0.3557651937007904
0.33992016315460205
0.36024171113967896
0.35601112246513367
0.35552334785461426
0.35008174180984497
0.3568287491798401
0.36405113339424133
0.369335412979126
0.35458922386169434
0.3735021650791168
0.3635043203830719
0.3632150888442993
0.347572922706604
0.34490564465522766
0.3424072861671448
0.3530268371105194
0.3550989627838135
0.3478066623210907
0.36135706305503845
0.3347948491573334
0.3623145818710327
0.36894309520721436
0.3634231388568878
0.3534228503704071
0.36342787742614746
0.3473617136478424
0.34671247005462646
0.3668453097343445
0.33645960688591003
0.33623117208480835
0.3526862859725952
0.3557197153568268
0.3607298731803894
0.35568439960479736
0.34282249212265015
0.3568970859050751
0.344685435295105
0.3567821681499481
0.3560202121734619
0.36129826307296753
0.35972774028778076
0.35928410291671753
0.34668096899986267
0.329951673746109
0.34671294689178467
0.34517553448677063
0.36752116680145264
0.3537922203540802
0.34333378076553345
0.3667851686477661
0.3582949936389923
0.34747734665870667
0.3401276469230652
0.3637268841266632
0.3514886200428009
0.34253573417663574
0.36235174536705017
0.34486469626426697
0.3440191149711609
0.3298078775405884
0.35585975646972656
0.3554677367210388
0.34906965494155884
0.36877480149269104
0.33570507168769836
0.3435617983341217
0.3442476987838745
0.3497765362262726
0.35399460792541504
0.35372117161750793
0.36362892389297485
0.3448774218559265
0.36388248205184937
0.350354939699173
0.3699360489845276
0.34449392557144165
0.34198227524757385
0.3489514887332916
0.35559219121932983
0.35256579518318176
0.3688232898712158
0.3588099181652069
0.35677415132522583
0.35337144136428833
0.34279537200927734
0.35041072964668274
0.35257482528686523
0.3423476815223694
0.3395406901836395
0.34460318088531494
0.3554382920265198
0.3660174310207367
0.3546765148639679
0.35200265049934387
0.3484668731689453
0.3415268659591675
0.35254719853401184
0.34471800923347473
0.348253458738327
0.3507482409477234
0.36445021629333496
0.35749125480651855
0.348921000957489
0.35383370518684387
0.3515174984931946
0.36775892972946167
0.34359660744667053
0.3577115833759308
0.36514633893966675
0.34920233488082886
0.3502962291240692
0.3634704351425171
0.3627532124519348
0.3515673279762268
0.33726274967193604
0.34753182530403137
0.35799723863601685
0.34665724635124207
0.35069790482521057
0.35324403643608093
0.3556443154811859
0.3322749733924866
0.35550206899642944
0.3608974814414978
0.36508089303970337
0.3577553629875183
0.35345908999443054
0.3590911626815796
0.35081809759140015
0.3440837264060974
0.3473532795906067
0.3723308742046356
0.35299453139305115
0.35685479640960693
0.3476015329360962
0.3513268530368805
0.3390815854072571
0.34538623690605164
0.36558055877685547
0.3699919581413269
0.32590505480766296
0.36426717042922974
0.3570018410682678
0.3398183286190033
0.3510212302207947
0.3531344532966614
0.35696202516555786
0.32652390003204346
0.3661869466304779
0.3460296094417572
0.37011709809303284
0.3446088433265686
0.34855934977531433
0.33717048168182373
0.3590768575668335
0.3695809841156006
0.35050827264785767
0.3464922308921814
0.3376639485359192
0.3758617341518402
0.3305433690547943
0.36740654706954956
0.36146456003189087
0.3430793583393097
0.36451566219329834
0.34519532322883606
0.35780593752861023
0.3396647274494171
0.3593977987766266
0.36396491527557373
0.3487304747104645
0.33928483724594116
0.36230114102363586
0.3395017981529236
0.3777841627597809
0.34371843934059143
0.35233062505722046
0.3731227219104767
0.33034250140190125
0.3592960834503174
0.3316654562950134
0.35141870379447937
0.34884485602378845
0.33347412943840027
0.36516642570495605
0.35728156566619873
0.3578038215637207
0.3580471873283386
0.36867666244506836
0.33561718463897705
0.3498506247997284
0.35743188858032227
0.35327547788619995
0.3450002670288086
0.3667755424976349
0.3527258038520813
0.35519325733184814
0.34828776121139526
0.35931605100631714
0.3667205274105072
0.34958839416503906
0.3536589443683624
0.34459489583969116
0.33531472086906433
0.34560972452163696
0.3489105999469757
0.3438888490200043
0.34001779556274414
0.3453701138496399
0.33595457673072815
0.33334076404571533
0.3547994792461395
0.34397560358047485
0.3607049882411957
0.3661334812641144
0.36005526781082153
0.3614572584629059
0.34940290451049805
0.3476967513561249
0.3505589962005615
0.3524632751941681
0.3633168935775757
0.3456946015357971
0.3537829518318176
0.3466247618198395
0.33744728565216064
0.3522520959377289
0.35126861929893494
0.34278956055641174
0.36160150170326233
0.3458833694458008
0.3425532281398773
0.3457513451576233
0.3663153350353241
0.3537333011627197
0.3581680953502655
0.3354789614677429
0.3515615463256836
0.36365416646003723
0.34337449073791504
0.3470284938812256
0.35479676723480225
0.33930638432502747
0.34516283869743347
0.337421178817749
0.354994535446167
0.3645820915699005
0.34991973638534546
0.3582448363304138
0.3546901345252991
0.33370497822761536
0.353004515171051
0.35535359382629395
0.3524417281150818
0.35716158151626587
0.3504313826560974
0.35554081201553345
0.3495514690876007
0.35280466079711914
0.34881338477134705
0.34803473949432373
0.3424000144004822
0.3452913761138916
0.3433507978916168
0.35403043031692505
0.3338630497455597
0.3600205183029175
0.3492116630077362
0.34221383929252625
0.34134331345558167
0.3612537086009979
0.3774188756942749
0.3398422300815582
0.34581393003463745
0.35443115234375
0.33716994524002075
0.38165420293807983
0.36307889223098755
0.34339725971221924
0.35076919198036194
0.3423641324043274
0.37937453389167786
0.3451780080795288
0.3456556797027588
0.3452220559120178
0.3537205457687378
0.33808308839797974
0.34338581562042236
0.3481408357620239
0.3364703059196472
0.355053186416626
0.3537917137145996
0.3518637418746948
0.38194936513900757
0.354448139667511
0.34817007184028625
0.3578052818775177
0.34942466020584106
0.34090402722358704
0.3487943112850189
0.34452080726623535
0.3528599441051483
0.35068005323410034
0.3645612299442291
0.35896995663642883
0.34694796800613403
0.3569325804710388
0.33354395627975464
0.3475344181060791
0.3470439910888672
0.36695122718811035
0.3509216606616974
0.34921568632125854
0.35524803400039673
0.35072246193885803
0.34772366285324097
0.35506129264831543
0.3417264223098755
0.3392616808414459
0.3523236811161041
0.34793800115585327
0.34181660413742065
0.33031165599823
0.3696006238460541
0.33748742938041687
0.37605613470077515
0.35230377316474915
0.3480375409126282
0.34541580080986023
0.34846776723861694
0.3435042202472687
0.34420716762542725
0.3527391254901886
0.34027618169784546
0.35793569684028625
0.3442608714103699
0.3418523073196411
0.3520355224609375
0.3481614291667938
0.35690394043922424
0.3568941354751587
0.34961169958114624
0.3599050045013428
0.3696044087409973
0.35270142555236816
0.35664302110671997
0.3421141505241394
0.34398481249809265
0.3614289164543152
0.3481733500957489
0.34623849391937256
0.3551945686340332
0.3498949408531189
0.3514435887336731
0.3648986518383026
0.36818718910217285
0.3679731488227844
0.3568904399871826
0.3377983868122101
0.34964293241500854
0.3621700406074524
0.3643125891685486
0.3392452597618103
0.35770243406295776
0.34152600169181824
0.3409699499607086
0.3614051640033722
0.35640978813171387
0.34138643741607666
0.3635549545288086
0.347057968378067
0.3530004620552063
0.3454943895339966
0.3454491198062897
0.35625916719436646
0.3460637331008911
0.3639189600944519
0.35872602462768555
0.3600090742111206
0.36312469840049744
0.33122310042381287
0.34545445442199707
0.3388008177280426
0.3431914448738098
0.34724438190460205
0.36867576837539673
0.3409879207611084
0.35065674781799316
0.3571174442768097
0.34789493680000305
0.33526307344436646
0.3449755012989044
0.345124214887619
0.3369416296482086
0.37277865409851074
0.34380000829696655
0.3534333407878876
0.33716949820518494
0.3544069230556488
0.3424973785877228
0.34154465794563293
0.3450976610183716
0.32586193084716797
0.34656667709350586
0.3587014377117157
0.3562549352645874
0.35322535037994385
0.35366153717041016
0.35551244020462036
0.3480685353279114
0.35140490531921387
0.347551167011261
0.34366369247436523
0.36399590969085693
0.35620391368865967
0.34793028235435486
0.33592256903648376
0.3385917544364929
0.3555051386356354
0.3266471326351166
0.3506445586681366
0.3612545132637024
0.34786456823349
0.3535802662372589
0.35467657446861267
0.3393608629703522
0.3539881706237793
0.34484684467315674
0.3511313199996948
0.365704208612442
0.34148210287094116
0.3506236970424652
0.35756558179855347
0.3432472348213196
0.33912062644958496
0.34350255131721497
0.33456581830978394
0.3496658504009247
0.3518196940422058
0.3335608243942261
0.3417041599750519
0.3479899764060974
0.3536912798881531
0.3426702618598938
0.3547194004058838
0.3425588607788086
0.3498540222644806
0.36050891876220703
0.3672623634338379
0.3659043610095978
0.3452252447605133
0.35407036542892456
0.35692453384399414
0.3541129529476166
0.3698177635669708
0.34810948371887207
0.34893447160720825
0.3242218494415283
0.3533867597579956
0.32905229926109314
0.355327844619751
0.35745763778686523
0.34111112356185913
0.35601699352264404
0.3496801555156708
0.33946341276168823
0.3577475845813751
0.3488381505012512
0.3432684540748596
0.34540805220603943
0.357565701007843
0.34255847334861755
0.36967232823371887
0.3640371561050415
0.34227657318115234
0.35041508078575134
0.34263521432876587
0.3479349613189697
0.36447960138320923
0.3482089638710022
0.34609150886535645
0.3398277759552002
0.37681201100349426
0.3275214731693268
0.3408885896205902
0.34835854172706604
0.33947643637657166
0.34151604771614075
0.3489888906478882
0.361253947019577
0.37917453050613403
0.3449552059173584
0.33479878306388855
0.35691916942596436
0.35133761167526245
0.3546978831291199
0.34768354892730713
0.35442018508911133
0.3582044839859009
0.3517560064792633
0.3538741171360016
0.34238481521606445
0.3518906235694885
0.34760865569114685
0.3351147770881653
0.34163612127304077
0.3503382205963135
0.3545341491699219
0.3441590666770935
0.36045849323272705
0.33669304847717285
0.3358747661113739
0.36251410841941833
0.3376910984516144
0.3568406105041504
0.3480035364627838
0.36701318621635437
0.355190634727478
0.3501507639884949
0.36140379309654236
0.34096577763557434
0.35527297854423523
0.35055211186408997
0.3485848903656006
0.3574235439300537
0.3479401171207428
0.36028337478637695
0.3510710597038269
0.3498761057853699
0.34184446930885315
0.35356009006500244
0.34489452838897705
0.35495561361312866
0.3514625132083893
0.34967517852783203
0.36364418268203735
0.33140718936920166
0.35428595542907715
0.3554791212081909
0.33795595169067383
0.3328417241573334
0.3488619327545166
0.3513849973678589
0.3615456521511078
0.3420373797416687
0.3331780433654785
0.3523469567298889
0.3429756164550781
0.3429034352302551
0.3512131869792938
0.34871965646743774
0.3712455928325653
0.34384894371032715
0.3375891447067261
0.3469051718711853
0.3567730188369751
0.3666366934776306
0.3680838942527771
0.3679276704788208
0.35292357206344604
0.34388336539268494
0.3405320346355438
0.3395012617111206
0.3458760678768158
0.3396061658859253
0.3602035343647003
0.35179081559181213
0.35162585973739624
0.3515910804271698
0.37299057841300964
0.32345932722091675
0.34218916296958923
0.36540302634239197
0.3598921298980713
0.3579801321029663
0.3495689332485199
0.3615419566631317
