Mean Rank: 24, 8
Mean RR: 0.1015, 0.4803
Hit@1: 0.0106, 0.3472
Hit@3: 0.0651, 0.5484
Hit@5: 0.1339, 0.6407
Hit@10: 0.2821, 0.7648
0.6950300931930542
0.6981340050697327
0.6993631720542908
0.6987968683242798
0.6932911276817322
0.6848351955413818
0.671278715133667
0.6499906778335571
0.6208688020706177
0.6105788946151733
0.5801170468330383
0.583209216594696
0.5730687379837036
0.5704807043075562
0.5724150538444519
0.5631462335586548
0.5594595074653625
0.55923992395401
0.556547224521637
0.5526098012924194
0.5320567488670349
0.5115909576416016
0.4940732717514038
0.5078325271606445
0.5034332275390625
0.48007088899612427
0.4922196865081787
0.48073384165763855
0.4887019991874695
0.48067066073417664
0.44602999091148376
0.46006160974502563
0.4619399607181549
0.44291505217552185
0.4637684226036072
0.47907453775405884
0.43777018785476685
0.4476584494113922
0.4469379186630249
0.45001018047332764
0.4151075482368469
0.43447333574295044
0.4215444326400757
0.47044357657432556
0.41652289032936096
0.44902482628822327
0.4362480044364929
0.4449993073940277
0.42162004113197327
0.42611658573150635
0.4301624596118927
0.43074944615364075
0.4259164035320282
0.4219496250152588
0.42826658487319946
0.4494667053222656
0.43125081062316895
0.4426383078098297
0.44387298822402954
0.4381479322910309
0.4124264419078827
0.4117686152458191
0.4232636094093323
0.4387609362602234
0.4092862904071808
0.41364338994026184
0.42529088258743286
0.423219233751297
0.44020208716392517
0.4542754888534546
0.41606929898262024
0.4157010614871979
0.41428142786026
0.4365740716457367
0.4107937216758728
0.4172455966472626
0.42752939462661743
0.4160066246986389
0.43450838327407837
0.44719019532203674
0.4330294728279114
0.4154164791107178
0.40170252323150635
0.4423437714576721
0.41746246814727783
0.39467155933380127
0.4604561924934387
0.44506219029426575
0.4246757924556732
0.43135932087898254
0.3987511694431305
0.42227697372436523
0.42049360275268555
0.41556012630462646
0.4211096167564392
0.4126691520214081
0.4275188148021698
0.43791884183883667
0.42747336626052856
0.42116427421569824
0.462268203496933
0.40468573570251465
0.40186429023742676
0.42208167910575867
0.41333678364753723
0.4326837360858917
0.41911372542381287
0.4331504702568054
0.40922442078590393
0.4292261600494385
0.43543994426727295
0.4183487594127655
0.43432754278182983
0.4351801872253418
0.4033014476299286
0.42190608382225037
0.39887890219688416
0.4032919704914093
0.4070940315723419
0.4184786081314087
0.39924103021621704
0.4301428198814392
0.4222070872783661
0.3847605288028717
0.41769087314605713
0.4132906198501587
0.4297131299972534
0.43835073709487915
0.41629087924957275
0.42327895760536194
0.397950679063797
0.41754549741744995
0.4157918691635132
0.41221970319747925
0.40312665700912476
0.38885498046875
0.42827990651130676
0.44335004687309265
0.42479127645492554
0.4219609797000885
0.4202502369880676
0.3955060839653015
0.4211021065711975
0.41498517990112305
0.40245577692985535
0.4019184112548828
0.3847298324108124
0.4114283323287964
0.4291628301143646
0.4103809595108032
0.41209256649017334
0.426001638174057
0.39894384145736694
0.4148431122303009
0.41041940450668335
0.4321574568748474
0.41794052720069885
0.4188825190067291
0.4015750288963318
0.4298146963119507
0.4183301627635956
0.4118242859840393
0.40557849407196045
0.3826369047164917
0.39833322167396545
0.426731139421463
0.4259888231754303
0.4155426025390625
0.3838436007499695
0.4076535105705261
0.40063685178756714
0.4139832556247711
0.42222118377685547
0.4090512692928314
0.418018102645874
0.39207229018211365
0.4042007625102997
0.4145583510398865
0.42496785521507263
0.41323143243789673
0.4084117114543915
0.40011510252952576
0.426144003868103
0.4249429702758789
0.4206288754940033
0.39893829822540283
0.4134673774242401
0.39340829849243164
0.4285575747489929
0.4127427339553833
0.40414106845855713
0.4153198003768921
0.4213557243347168
0.4136207699775696
0.38802626729011536
0.4130120575428009
0.41268157958984375
0.3947203755378723
0.41339951753616333
0.4143752455711365
0.41465339064598083
0.41535478830337524
0.4137536287307739
0.4115499258041382
0.38718652725219727
0.4230208694934845
0.3948554992675781
0.4143024682998657
0.41731327772140503
0.41498661041259766
0.388075590133667
0.40881672501564026
0.40781310200691223
0.4042763411998749
0.4297800064086914
0.4148741364479065
0.41797760128974915
0.402067631483078
0.41301581263542175
0.41079065203666687
0.41122543811798096
0.3908831775188446
0.397553414106369
0.4165085256099701
0.4007779359817505
0.39833569526672363
0.40309301018714905
0.40475189685821533
0.4007672071456909
0.418372243642807
0.38955968618392944
0.402058482170105
0.4025673270225525
0.42489731311798096
0.3990527391433716
0.39105480909347534
0.4128396213054657
0.40949946641921997
0.3925633430480957
0.4011061489582062
0.39217573404312134
0.38691872358322144
0.42024436593055725
0.4064060151576996
0.3854580819606781
0.39149579405784607
0.41074755787849426
0.4232335090637207
0.41326257586479187
0.40382498502731323
0.4031767249107361
0.399231880903244
0.4033432602882385
0.405113160610199
0.4210617244243622
0.4116191267967224
0.3840528428554535
0.40181905031204224
0.40579381585121155
0.4103841781616211
0.41226616501808167
0.41980570554733276
0.4065859317779541
0.3944115936756134
0.41633254289627075
0.37856224179267883
0.4085395038127899
0.4150875508785248
0.39834579825401306
0.41201865673065186
0.4058811068534851
0.38055580854415894
0.3977186381816864
0.4072716236114502
0.41208377480506897
0.4171486794948578
0.38985416293144226
0.39911189675331116
0.40203070640563965
0.3776908218860626
0.40616345405578613
0.38707196712493896
0.41502341628074646
0.41553202271461487
0.41405344009399414
0.3905322551727295
0.3987683057785034
0.41680341958999634
0.3949592113494873
0.39353424310684204
0.40582114458084106
0.389035701751709
0.39916330575942993
0.39642003178596497
0.3744699954986572
0.4055483341217041
0.4185468852519989
0.4088191092014313
0.4348401427268982
0.4033466875553131
0.4099568724632263
0.4124161899089813
0.41637855768203735
0.3977097272872925
0.398722767829895
0.3959989547729492
0.40758854150772095
0.40327683091163635
0.40613365173339844
0.3881787657737732
0.38596266508102417
0.39693671464920044
0.3772065341472626
0.40151435136795044
0.41010239720344543
0.41487324237823486
0.4082041084766388
0.4017746150493622
0.40144598484039307
0.39462074637413025
0.3926769196987152
0.4061063528060913
0.40669673681259155
0.40265488624572754
0.3931352496147156
0.39004358649253845
0.4172801971435547
0.3986317217350006
0.41446447372436523
0.3975791931152344
0.4009922742843628
0.3838965892791748
0.40195298194885254
0.3967213034629822
0.4064938426017761
0.4126799702644348
0.39451152086257935
0.4120074212551117
0.4145742952823639
0.40370553731918335
0.39845219254493713
0.4070219099521637
0.4152023196220398
0.4002254009246826
0.39317622780799866
0.4074244201183319
0.4127257168292999
0.37640687823295593
0.3909139931201935
0.41510605812072754
0.41440850496292114
0.4023840129375458
0.3905341625213623
0.38608667254447937
0.4095410108566284
0.3885405361652374
0.42934367060661316
0.406360000371933
0.3821622133255005
0.41443538665771484
0.4046940207481384
0.40047717094421387
0.37246304750442505
0.3931347131729126
0.4166325330734253
0.392831027507782
0.4086219072341919
0.4159291386604309
0.39194491505622864
0.3795911371707916
0.3943316638469696
0.4088610112667084
0.3957933187484741
0.4221516251564026
0.3997439444065094
0.413958877325058
0.3763142228126526
0.4007187485694885
0.39295127987861633
0.4002179205417633
0.38350677490234375
0.39906397461891174
0.39033129811286926
0.41905999183654785
0.40120112895965576
0.37362760305404663
0.39511749148368835
0.3866458833217621
0.41696804761886597
0.42454496026039124
0.39233672618865967
0.39279860258102417
0.4201987385749817
0.39034512639045715
0.38156387209892273
0.39019355177879333
0.39729180932044983
0.4074394404888153
0.3721258342266083
0.396060049533844
0.37711861729621887
0.39402854442596436
0.3916023075580597
0.4188791513442993
0.38709497451782227
0.4113098680973053
0.40462782979011536
0.39834064245224
0.3922210931777954
0.4036531150341034
0.38330331444740295
0.41475480794906616
0.3936179578304291
0.3983173072338104
0.39408695697784424
0.3852683901786804
0.39499178528785706
0.4023090600967407
0.40450459718704224
0.3855043947696686
0.39402157068252563
0.3843403458595276
0.3853953182697296
0.3978155255317688
0.39298927783966064
0.39579495787620544
0.35630181431770325
0.40869811177253723
0.4261121451854706
0.40665188431739807
0.37748146057128906
0.3823072016239166
0.38666480779647827
0.37926363945007324
0.4014444649219513
0.4046308994293213
0.39736244082450867
0.3972713053226471
0.4198489785194397
0.4155772030353546
0.3968178927898407
0.4095557630062103
0.389582097530365
0.40067124366760254
0.3995421528816223
0.37864044308662415
0.42877787351608276
0.3756197392940521
0.4184851050376892
0.3897227644920349
0.4101462662220001
0.3796517252922058
0.39210593700408936
0.38580864667892456
0.41085273027420044
0.39417552947998047
0.37319639325141907
0.38466864824295044
0.415088951587677
0.40221959352493286
0.398547500371933
0.3819736838340759
0.3985053300857544
0.40268674492836
0.3750360608100891
0.38178586959838867
0.40441805124282837
0.39146605134010315
0.3799728453159332
0.3950849175453186
0.3792538046836853
0.3949850797653198
0.3895680904388428
0.3903083801269531
0.3820231258869171
0.3994169235229492
0.40353086590766907
0.38656729459762573
0.3745138943195343
0.3983350694179535
0.3692488372325897
0.3932323753833771
0.3901853859424591
0.4020909070968628
0.38858503103256226
0.3901267349720001
0.37712520360946655
0.3622314929962158
0.3922266662120819
0.4021192491054535
0.38495954871177673
0.3757956624031067
0.3897474706172943
0.40269550681114197
0.3898021876811981
0.3881746828556061
0.3913253843784332
0.3982592821121216
0.3929695785045624
0.38509106636047363
0.38839828968048096
0.39415431022644043
0.4040728509426117
0.37842997908592224
0.3693402111530304
0.39004120230674744
0.3922133147716522
0.39262664318084717
0.3862146735191345
0.4138640761375427
0.40369510650634766
0.39520251750946045
0.38490092754364014
0.37062713503837585
0.37486401200294495
0.3864028751850128
0.3793078064918518
0.3797135055065155
0.40245094895362854
0.3902459144592285
0.3919064700603485
0.399343341588974
0.3927028179168701
0.3859654366970062
0.38821133971214294
0.38036736845970154
0.3849133849143982
0.3873531222343445
0.3940916061401367
0.39746949076652527
0.38445770740509033
0.37823301553726196
0.39107829332351685
0.3860841393470764
0.38693225383758545
0.38593536615371704
0.39301180839538574
0.3951800763607025
0.3938003480434418
0.39175933599472046
0.41092821955680847
0.38928601145744324
0.37710097432136536
0.37617138028144836
0.4048061966896057
0.39504387974739075
0.381191223859787
0.40083175897598267
0.3859003484249115
0.3917299509048462
0.3892025947570801
0.37859001755714417
0.36782097816467285
0.4036780893802643
0.39511701464653015
0.39101943373680115
0.39813023805618286
0.38728442788124084
0.37851548194885254
0.4135228991508484
0.3750099837779999
0.38327938318252563
0.37927863001823425
0.38811931014060974
0.4097292423248291
0.3853131830692291
0.4076053500175476
0.3736587464809418
0.38988372683525085
0.38898709416389465
0.3690187335014343
0.39413219690322876
0.3751315772533417
0.38740891218185425
0.4046964645385742
0.3735325038433075
0.3930147886276245
0.40365469455718994
0.39980149269104004
0.3922189474105835
0.37897223234176636
0.3907102942466736
0.4139437675476074
0.37501218914985657
0.38138115406036377
0.37154653668403625
0.3977738618850708
0.36740899085998535
0.4104551672935486
0.3963254690170288
0.39013364911079407
0.3918149173259735
0.37604570388793945
0.40329715609550476
0.3837011754512787
0.3860076665878296
0.40854141116142273
0.3972014784812927
0.3862171471118927
0.3921349048614502
0.3837851881980896
0.4074118137359619
0.3919379711151123
0.3732812702655792
0.38870489597320557
0.3982347249984741
0.3897830545902252
0.38426297903060913
0.4051325023174286
0.38156408071517944
0.37800681591033936
0.3750148117542267
0.3767826557159424
0.3834964632987976
0.39295265078544617
0.39447686076164246
0.40733373165130615
0.3803248405456543
0.389509379863739
0.38467010855674744
0.40174397826194763
0.3898760676383972
0.3849324882030487
0.3849050998687744
0.39364486932754517
0.3961382806301117
0.36969253420829773
0.3789253234863281
0.4209250509738922
0.39140787720680237
0.3907707929611206
0.3755175769329071
0.38728877902030945
0.36926037073135376
0.3871924579143524
0.404179185628891
0.39189475774765015
0.36686623096466064
0.42058882117271423
0.39409685134887695
0.3964034914970398
0.3990573585033417
0.3974522650241852
0.3725590109825134
0.37463757395744324
0.3971838057041168
0.3691166937351227
0.3875977694988251
0.39567771553993225
0.38869917392730713
0.36756646633148193
0.39170485734939575
0.3853614926338196
0.39129310846328735
0.38056084513664246
0.4048597812652588
0.40233710408210754
0.41027456521987915
0.3765014111995697
0.38583144545555115
0.38730499148368835
0.3916938602924347
0.3829590380191803
0.37502601742744446
0.39252424240112305
0.3983350992202759
0.40488386154174805
0.39102521538734436
0.3870218098163605
0.41281476616859436
0.39186301827430725
0.403221994638443
0.38706862926483154
0.3923773765563965
0.38174381852149963
0.4064587950706482
0.3793773949146271
0.3933908939361572
0.3758770525455475
0.3987064063549042
0.3962455093860626
0.3883129358291626
0.36706963181495667
0.40093159675598145
0.3965705633163452
0.40759021043777466
0.38081955909729004
0.3864060044288635
0.39887672662734985
0.3846026062965393
0.4027472734451294
0.4053202271461487
0.3820180892944336
0.3920817971229553
0.3807950019836426
0.39597249031066895
0.3866298198699951
0.3933252692222595
0.3691827058792114
0.3854091465473175
0.37394705414772034
0.3961694836616516
0.3933759331703186
0.4009767472743988
0.38481441140174866
0.4163922071456909
0.40492430329322815
0.3801323473453522
0.3868953287601471
0.3916688859462738
0.3875003755092621
0.3988732397556305
0.36182454228401184
0.3900832235813141
0.37004604935646057
0.3820326626300812
0.37957677245140076
0.41678330302238464
0.4043464958667755
0.3838169574737549
0.38073021173477173
0.40033096075057983
0.3811386525630951
0.4056858420372009
0.39451298117637634
0.4019620716571808
0.4014037549495697
0.3975173532962799
0.3947905898094177
0.3745889365673065
0.3927713930606842
0.3842466175556183
0.38009294867515564
0.37842893600463867
0.37771958112716675
0.39585378766059875
0.3990667760372162
0.39778122305870056
0.38592347502708435
0.38524243235588074
0.3781910836696625
0.3868090510368347
0.37355977296829224
0.39043208956718445
0.39227867126464844
0.3917178213596344
0.3839152455329895
0.39020755887031555
0.3974255323410034
0.37779223918914795
0.3837631344795227
0.393876314163208
0.3903762102127075
0.39035922288894653
0.38453686237335205
0.4032266139984131
0.3893318176269531
0.39700642228126526
0.3818380534648895
0.39752426743507385
0.3735779821872711
0.389708012342453
0.37387973070144653
0.3977067768573761
0.39950093626976013
0.3643561899662018
0.37547868490219116
0.39358359575271606
0.3875496983528137
0.38529565930366516
0.3759080171585083
0.3629703223705292
0.39406368136405945
0.3738075792789459
0.41094961762428284
0.37976378202438354
0.3833701014518738
0.38444891571998596
0.3897906243801117
0.37657105922698975
0.3806266784667969
0.3773145377635956
0.39787042140960693
0.3726736307144165
0.39277222752571106
0.39605358242988586
0.4022453725337982
0.38831496238708496
0.3888242840766907
0.39839768409729004
0.3754926323890686
0.40041548013687134
0.3801406919956207
0.3975675702095032
0.3890669643878937
0.39246317744255066
0.3892308175563812
0.3978140950202942
0.3784145414829254
0.39011698961257935
0.4033495783805847
0.3895549178123474
0.37694787979125977
0.3786766827106476
0.3887505531311035
0.3948577046394348
0.3906768560409546
0.3908478319644928
0.39180606603622437
0.3806593716144562
0.39883923530578613
0.3814156651496887
0.41066667437553406
0.39826682209968567
0.39956551790237427
0.3796873688697815
0.3934426009654999
0.3656763732433319
0.3804633915424347
0.41490480303764343
0.3887977600097656
0.3893789052963257
0.3693949580192566
0.3885980248451233
0.3793300986289978
0.39064350724220276
0.3951008915901184
0.394052654504776
0.4010387361049652
0.38432931900024414
0.40296462178230286
0.3828636705875397
0.3864881098270416
0.364019513130188
0.3876938223838806
0.3838840425014496
0.3709695339202881
0.3957078158855438
0.38189831376075745
0.3931746184825897
0.3908773362636566
0.39299750328063965
0.36473432183265686
0.3942682147026062
0.39396315813064575
0.402201384305954
0.3826771378517151
0.38421517610549927
0.37178727984428406
0.38017377257347107
0.383957177400589
0.37316229939460754
0.38436946272850037
0.38030633330345154
0.4050176739692688
0.3916885256767273
0.3897518813610077
0.38372141122817993
0.40931814908981323
0.3837015926837921
0.4023410379886627
0.39779672026634216
0.41982966661453247
0.37369266152381897
0.392780601978302
0.3752494156360626
0.3745042085647583
0.3861139416694641
0.38420137763023376
0.3993101119995117
0.36618858575820923
0.38303089141845703
0.40480002760887146
0.39131081104278564
0.4009662866592407
0.39942270517349243
0.3713773787021637
0.41377198696136475
0.3962269425392151
0.38432246446609497
0.36722469329833984
0.4043302834033966
0.3820702135562897
0.380577027797699
0.3781261146068573
0.37602484226226807
0.3844550549983978
0.4195197522640228
0.38690295815467834
0.38505369424819946
0.39844781160354614
0.37336862087249756
0.374582439661026
0.402206152677536
0.38517463207244873
0.3910476565361023
0.3982659876346588
0.3997339904308319
0.3736799955368042
0.3933281898498535
0.38379940390586853
0.38152360916137695
0.382503867149353
0.3910088837146759
0.38272514939308167
0.39416301250457764
0.38712313771247864
0.3880108594894409
0.4147515296936035
0.3973836302757263
0.38042962551116943
0.3802035450935364
0.36506953835487366
0.4066877067089081
0.39246782660484314
0.3781122863292694
0.4056987762451172
0.36847448348999023
0.3890956938266754
0.37011533975601196
0.38932687044143677
0.36182889342308044
0.3665277361869812
0.3655746579170227
0.3860098719596863
0.3867090940475464
0.39894407987594604
0.3644062876701355
0.39423510432243347
0.40349847078323364
0.38649243116378784
0.38484838604927063
0.38789594173431396
0.3884047567844391
0.38002651929855347
0.37700405716896057
0.37400156259536743
0.39957356452941895
0.4146170914173126
0.37658676505088806
0.3839738070964813
0.370926171541214
0.4035455882549286
0.40374311804771423
0.37239402532577515
0.3658313453197479
0.38044166564941406
0.40546703338623047
0.37180373072624207
0.40712055563926697
0.3776189982891083
0.389425665140152
0.37651944160461426
0.38816919922828674
0.4062499701976776
0.37852999567985535
0.3911617398262024
0.3686014413833618
0.38521808385849
0.39754417538642883
0.38849616050720215
0.3832652270793915
0.36153703927993774
0.38699033856391907
0.40163952112197876
0.3996093273162842
0.37938228249549866
0.3859012722969055
0.3716352880001068
0.38524556159973145
0.3744775652885437
0.3987017571926117
0.36483559012413025
0.3930423855781555
0.3884037435054779
0.37831422686576843
0.3775257170200348
0.3827214539051056
0.3729274570941925
0.3992979824542999
0.37784063816070557
0.36797624826431274
0.39984047412872314
0.38041892647743225
0.35747501254081726
0.4077308475971222
0.37742912769317627
0.38596609234809875
0.3808164596557617
0.3813173472881317
0.40660449862480164
0.3634887635707855
0.37372007966041565
0.3878060281276703
0.371603399515152
0.38741615414619446
0.3759782910346985
0.3858546018600464
0.3712070882320404
0.3844825327396393
