Mean Rank: 16, 2
Mean RR: 0.1403, 0.6832
Hit@1: 0.0189, 0.4758
Hit@3: 0.1074, 0.8759
Hit@5: 0.2141, 0.9357
Hit@10: 0.4463, 0.9826
10.063335418701172
8.35525894165039
5.4401535987854
4.042672634124756
3.5028128623962402
3.2883810997009277
3.1309492588043213
3.0269553661346436
2.887446165084839
2.8153319358825684
2.8849918842315674
2.848703384399414
2.7466485500335693
2.7192814350128174
2.686099052429199
2.6985888481140137
2.7117066383361816
2.570223808288574
2.5869956016540527
2.612431287765503
2.5870087146759033
2.6054468154907227
2.582934617996216
2.5900046825408936
2.553708076477051
2.512279987335205
2.465592384338379
2.5711257457733154
2.496445417404175
2.4736199378967285
2.535719156265259
2.510446071624756
2.4244229793548584
2.5045788288116455
2.4795491695404053
2.4432363510131836
2.498312473297119
2.4219818115234375
2.428464889526367
2.495912551879883
2.4161217212677
2.376641035079956
2.4194374084472656
2.4944939613342285
2.4404659271240234
2.392160415649414
2.3902041912078857
2.3914451599121094
2.374307870864868
2.3472847938537598
2.4471492767333984
2.457472085952759
2.410269260406494
2.3186659812927246
2.3645012378692627
2.4382317066192627
2.3899998664855957
2.394278049468994
2.375194549560547
2.454233407974243
2.259202003479004
2.4032909870147705
2.376664876937866
2.3710777759552
2.4278976917266846
2.3587284088134766
2.3626527786254883
2.3688764572143555
2.31087327003479
2.3382744789123535
2.3597047328948975
2.4205703735351562
2.3306801319122314
2.4010748863220215
2.3344180583953857
2.3188188076019287
2.333693027496338
2.3908884525299072
2.3681862354278564
2.3559725284576416
2.350778102874756
2.3357529640197754
2.3575868606567383
2.333646774291992
2.284156560897827
2.2976434230804443
2.3130245208740234
2.2449731826782227
2.2937612533569336
2.3579373359680176
2.365731954574585
2.385460138320923
2.362081527709961
2.3014252185821533
2.3418471813201904
2.35490083694458
2.321627140045166
2.3122053146362305
2.358855962753296
2.243058443069458
