0.6950762271881104
0.6973230838775635
0.6963894963264465
0.6932516694068909
0.6873824000358582
0.6797356009483337
0.669947624206543
0.6609325408935547
0.6509363651275635
0.6294052004814148
0.5955626368522644
0.5804538726806641
0.5706644654273987
0.5442485213279724
0.5261003971099854
0.51338130235672
0.482136070728302
0.4709395468235016
0.4669378995895386
0.45013052225112915
0.4064522683620453
0.40616223216056824
0.39372310042381287
0.3839903771877289
0.38628485798835754
0.36966097354888916
0.39240700006484985
0.3569561243057251
0.3656606674194336
0.360514372587204
0.3163132965564728
0.33720675110816956
0.3118555247783661
0.3475654125213623
0.3368341624736786
0.33780336380004883
0.34082961082458496
0.3290787935256958
0.348398357629776
0.3246234953403473
0.3104204535484314
0.30544593930244446
0.27778947353363037
0.33846306800842285
0.3084581196308136
0.34199514985084534
0.3235040009021759
0.30014100670814514
0.30813103914260864
0.3181176781654358
0.29185107350349426
0.3064958453178406
0.30548280477523804
0.2993563115596771
0.31485694646835327
0.3048533499240875
0.3024318516254425
0.3143123984336853
0.315209299325943
0.31449222564697266
0.2783809304237366
0.2854991555213928
0.297298789024353
0.3093634247779846
0.29975345730781555
0.2768424451351166
0.3130466938018799
0.29589131474494934
0.3129328489303589
0.29090967774391174
0.2894316017627716
0.27447450160980225
0.29763853549957275
0.3047631084918976
0.29841744899749756
0.29680702090263367
0.2732539772987366
0.2875460088253021
0.296682208776474
0.30253979563713074
0.2870837152004242
0.30823200941085815
0.2888820469379425
0.2841467261314392
0.2987063229084015
0.3111519515514374
0.2728905975818634
0.28698939085006714
0.29222846031188965
0.29829156398773193
0.27512723207473755
0.28530943393707275
0.28212761878967285
0.2915593087673187
0.3056482970714569
0.2930256426334381
0.2965889871120453
0.2918705940246582
0.3066600263118744
0.2793427109718323
0.27086225152015686
0.2802242636680603
0.2698768973350525
0.30412188172340393
0.2786339223384857
0.28782394528388977
0.2886132597923279
0.28155553340911865
0.2741209864616394
0.28347522020339966
0.2768821716308594
0.2802850604057312
0.29805129766464233
0.2948629558086395
0.2575043737888336
0.2871607542037964
0.2900540232658386
0.2814114987850189
0.27222439646720886
0.2982877492904663
0.28818437457084656
0.2663475275039673
0.27229073643684387
0.2988622188568115
0.3124561905860901
0.29804113507270813
0.26819396018981934
0.2819881737232208
0.2854328453540802
0.2724616825580597
0.26638585329055786
0.2790501117706299
0.29380324482917786
0.266839861869812
0.24991106986999512
0.28728312253952026
0.299289345741272
0.28825104236602783
0.3120521008968353
0.29770004749298096
0.2654697895050049
0.27526527643203735
0.292646199464798
0.2664521038532257
0.3144597113132477
0.2802233397960663
0.29601868987083435
0.276150643825531
0.2781495153903961
0.2699733376502991
0.2773817479610443
0.2778744697570801
0.2727992832660675
0.28550663590431213
0.3026154935359955
0.2805176377296448
0.29458847641944885
0.27617520093917847
0.28649231791496277
0.31097832322120667
0.2767014503479004
0.27439695596694946
0.29504016041755676
0.26998770236968994
0.2802683115005493
0.27375584840774536
0.289369136095047
0.28690305352211
0.2782454490661621
0.26567336916923523
0.25641635060310364
0.2685220241546631
0.26939448714256287
0.28040048480033875
0.2811572551727295
0.2742214500904083
0.27069929242134094
0.28849995136260986
0.2957555949687958
0.26532334089279175
0.29911714792251587
0.2661011815071106
0.3054497241973877
0.28741729259490967
0.25198912620544434
0.27974629402160645
0.28116780519485474
0.2725012004375458
0.276310533285141
0.2814234495162964
0.27397897839546204
0.27382776141166687
0.2878649830818176
0.2701786458492279
0.27474766969680786
0.2720898687839508
0.2820470929145813
0.2779392898082733
0.2751043438911438
0.2663651406764984
0.2745606601238251
0.28807270526885986
0.26857060194015503
0.2773885428905487
0.2838304042816162
0.2744908332824707
0.26164865493774414
0.2605142295360565
0.2681363523006439
0.26941755414009094
0.2594448924064636
0.2721685469150543
0.276675820350647
0.2866775691509247
0.27286726236343384
0.27707967162132263
0.2752648890018463
0.28210049867630005
0.2807255983352661
0.27821972966194153
0.2527408003807068
0.29079470038414
0.2566136121749878
0.2705722153186798
0.27491506934165955
0.2677338421344757
0.26584386825561523
0.2734779119491577
0.27988937497138977
0.2810908555984497
0.27624034881591797
0.272096186876297
0.25653955340385437
0.27680453658103943
0.29131925106048584
0.27455106377601624
0.2896118462085724
0.2650773525238037
0.27684783935546875
0.2606886029243469
0.26161515712738037
0.2542196810245514
0.273027241230011
0.266944020986557
0.26481392979621887
0.29040318727493286
0.26297590136528015
0.26825958490371704
0.2643611431121826
0.2755531370639801
0.254875510931015
0.27593401074409485
0.2657191753387451
0.258983850479126
0.27623918652534485
0.2606579065322876
0.26248201727867126
0.26853740215301514
0.26901185512542725
0.26956310868263245
0.2762446999549866
0.2721633017063141
0.29153716564178467
0.2834261655807495
0.2808123528957367
0.2828124463558197
0.24278657138347626
0.2575687766075134
0.2883930802345276
0.26847389340400696
0.2519679069519043
0.26984909176826477
0.26043573021888733
0.2721863090991974
0.2839156687259674
0.25747042894363403
0.25976744294166565
0.28072333335876465
0.2595035433769226
0.27457699179649353
0.26469865441322327
0.25643372535705566
0.2530689239501953
0.2570132911205292
0.26905113458633423
0.27532362937927246
0.2717534005641937
0.26166731119155884
0.28635504841804504
0.27636319398880005
0.2723095118999481
0.27464559674263
0.2564881145954132
0.26276835799217224
0.24865955114364624
0.26832982897758484
0.2729479670524597
0.25805574655532837
0.26555779576301575
0.26611441373825073
0.24036601185798645
0.2522521913051605
0.2810743749141693
0.2528337836265564
0.2625083029270172
0.26483869552612305
0.26296961307525635
0.2735772728919983
0.24813830852508545
0.2687152326107025
0.2589625418186188
0.26344650983810425
0.24851587414741516
0.27030229568481445
0.2549438178539276
0.26696261763572693
0.2636314928531647
0.25678694248199463
0.2553269565105438
0.2645285427570343
0.2714388966560364
0.24231643974781036
0.2523915767669678
0.2826939821243286
0.2572621703147888
0.24849312007427216
0.2631385326385498
0.23977188766002655
0.28602051734924316
0.280137836933136
0.26225873827934265
0.2757929861545563
0.2576011121273041
0.2549474239349365
0.2644239664077759
0.26415666937828064
0.269172340631485
0.24513140320777893
0.259115993976593
0.2588030993938446
0.26483818888664246
0.2596181631088257
0.25722354650497437
0.26542791724205017
0.26578664779663086
0.25254857540130615
0.25242215394973755
0.26431235671043396
0.2526457905769348
0.24882453680038452
0.2596711218357086
0.27842625975608826
0.24579766392707825
0.24852019548416138
0.2704479694366455
0.2779666483402252
0.25923165678977966
0.26746779680252075
0.2608451247215271
0.25295281410217285
0.2528791129589081
0.2555287778377533
0.2627696394920349
0.25528788566589355
0.2608461380004883
0.24834367632865906
0.2568300664424896
0.25875189900398254
0.26084548234939575
0.26133599877357483
0.24971605837345123
0.23616096377372742
0.2442851960659027
0.2552770972251892
0.2630314826965332
0.25586816668510437
0.236022487282753
0.2726680338382721
0.2611522078514099
0.26498040556907654
0.2608312964439392
0.23815539479255676
0.23414430022239685
0.2584483027458191
0.2522551417350769
0.24698153138160706
0.28731825947761536
0.25651514530181885
0.2614409327507019
0.2535064220428467
0.25306475162506104
0.26086923480033875
0.2520228624343872
0.25150826573371887
0.26735201478004456
0.2547979950904846
0.24892696738243103
0.25490230321884155
0.250119149684906
0.2596082389354706
0.23529691994190216
0.2534528076648712
0.2718241214752197
0.24821391701698303
0.26049378514289856
0.2560056447982788
0.27457597851753235
0.25071442127227783
0.26107195019721985
0.2670186161994934
0.24761489033699036
0.24292708933353424
0.24792805314064026
0.2616892457008362
0.26098233461380005
0.2593396306037903
0.26746365427970886
0.26882708072662354
0.2563653886318207
0.2640649676322937
0.2554214894771576
0.26511210203170776
0.25981566309928894
0.23550289869308472
0.25794196128845215
0.24961742758750916
0.2844223380088806
0.24633574485778809
0.23554213345050812
0.23477688431739807
0.2742469906806946
0.24803687632083893
0.2738422155380249
0.2574188709259033
0.2663457691669464
0.2781849503517151
0.23495864868164062
0.2455468326807022
0.24756459891796112
0.2527295649051666
0.25813454389572144
0.257198691368103
0.2577493488788605
0.2524186074733734
0.26121270656585693
0.2625732719898224
0.25648975372314453
0.2682384252548218
0.2591836750507355
0.251123309135437
0.26411688327789307
0.2536957263946533
0.2428416907787323
0.24135203659534454
0.26789501309394836
0.2598695755004883
0.24935251474380493
0.25233325362205505
0.25555551052093506
0.26564815640449524
0.22919322550296783
0.2598833739757538
0.2690345346927643
0.25371477007865906
0.24433711171150208
0.23845010995864868
0.2575693130493164
0.2542571723461151
0.2636168301105499
0.27122294902801514
0.2448188066482544
0.24626120924949646
0.24229176342487335
0.2537246644496918
0.2517794668674469
0.26610732078552246
0.24826911091804504
0.25118884444236755
0.25935983657836914
0.25484928488731384
0.2408214509487152
0.24669140577316284
0.2533526122570038
0.24728848040103912
0.26457640528678894
0.25766080617904663
0.24994520843029022
0.24775037169456482
0.2514311373233795
0.26560503244400024
0.234887033700943
0.2565721869468689
0.2407534122467041
0.2406795620918274
0.24280089139938354
0.253360390663147
0.2659769058227539
0.24473674595355988
0.25593820214271545
0.25806286931037903
0.23249143362045288
0.23709416389465332
0.2685309946537018
0.2532234489917755
0.24268069863319397
0.24391648173332214
0.26558414101600647
0.24676761031150818
0.25565972924232483
0.25334632396698
0.24587610363960266
0.2497808188199997
0.2586210370063782
0.2562372088432312
0.27703896164894104
0.23883327841758728
0.247603178024292
0.25551316142082214
0.26414379477500916
0.2529980540275574
0.23344111442565918
0.2600069046020508
0.2568703591823578
0.26571837067604065
0.23748236894607544
0.2565506100654602
0.24805709719657898
0.24588562548160553
0.27132198214530945
0.2722773849964142
0.2427428811788559
0.26252079010009766
0.2500939965248108
0.24135945737361908
0.2508150637149811
0.2580883800983429
0.27271345257759094
0.2508755624294281
0.2440502643585205
0.24572525918483734
0.2536400258541107
0.22899718582630157
0.2527197599411011
0.2546648383140564
0.24288904666900635
0.24214044213294983
0.23933632671833038
0.25989922881126404
0.27939191460609436
0.2550240755081177
0.2449997216463089
0.25598371028900146
0.2606218159198761
0.2587466835975647
0.255476713180542
0.2422417551279068
0.2412237972021103
0.23978960514068604
0.2611112892627716
0.2490328848361969
0.24974104762077332
0.24628254771232605
0.2321517914533615
0.2658047378063202
0.24709391593933105
0.24606068432331085
0.23607303202152252
0.24202772974967957
0.26903343200683594
0.2586544156074524
0.2547426223754883
0.24042296409606934
0.25257420539855957
0.24819131195545197
0.2523774206638336
0.2466750144958496
0.2350284904241562
0.24414727091789246
0.2438671588897705
0.23948614299297333
0.24640396237373352
0.24071446061134338
0.24311554431915283
0.24811828136444092
0.25207993388175964
0.23964594304561615
0.25131216645240784
0.25613024830818176
0.26381462812423706
0.23149636387825012
0.24265088140964508
0.24854572117328644
0.26595431566238403
0.24637717008590698
0.23884867131710052
0.24150285124778748
0.2594008147716522
0.24166370928287506
0.257010281085968
0.25633910298347473
0.24108971655368805
0.2629173696041107
0.24984222650527954
0.25609734654426575
0.24853268265724182
0.2486961930990219
0.2343035340309143
0.24480077624320984
0.2368740737438202
0.2415923923254013
0.24606144428253174
0.251263827085495
0.22728484869003296
0.2635526657104492
0.25502097606658936
0.25991737842559814
0.25575947761535645
0.24263602495193481
0.2555750608444214
0.23496775329113007
0.25928404927253723
0.24853362143039703
0.2620033919811249
0.259018212556839
0.23949095606803894
0.24449700117111206
0.24621525406837463
0.2538926601409912
0.25293558835983276
0.2500452995300293
0.23048141598701477
0.24446657299995422
0.24598202109336853
0.25397586822509766
0.25440528988838196
0.24207645654678345
0.24424751102924347
0.25974607467651367
0.24659210443496704
0.22952522337436676
0.2451981157064438
0.2551681101322174
0.2541341185569763
0.2524873912334442
0.2401435226202011
0.24699731171131134
0.24088750779628754
0.25171107053756714
0.23959003388881683
0.24983829259872437
0.24129334092140198
0.23646792769432068
0.246909499168396
0.24648699164390564
0.2427685558795929
0.25894102454185486
0.2559424042701721
0.2440972775220871
0.25398707389831543
0.2565845847129822
0.2466309666633606
0.2578503489494324
0.25949421525001526
0.26402077078819275
0.25258439779281616
0.24329082667827606
0.23089545965194702
0.2503163516521454
0.25049763917922974
0.25756028294563293
0.2456526756286621
0.2591973841190338
0.2625592350959778
0.24662092328071594
0.22542120516300201
0.26880067586898804
0.243373304605484
0.25720706582069397
0.2432873696088791
0.24659493565559387
0.27290356159210205
0.24328283965587616
0.23159563541412354
0.24804332852363586
0.2502243220806122
0.22548367083072662
0.25698229670524597
0.25520265102386475
0.2411455512046814
0.2616513669490814
0.2366444170475006
0.2488553822040558
0.2509656846523285
0.25747188925743103
0.25228679180145264
0.2411007285118103
0.25848692655563354
0.24416223168373108
0.24344095587730408
0.2605604827404022
0.24682791531085968
0.24168136715888977
0.26167064905166626
0.24335317313671112
0.24984243512153625
0.2420215606689453
0.2488829642534256
0.2586323320865631
0.24377940595149994
0.2439899742603302
0.2529442012310028
0.24162980914115906
0.24895071983337402
0.2497234344482422
0.24514932930469513
0.22809019684791565
0.2433309108018875
0.26536956429481506
0.23900191485881805
0.2540503740310669
0.2436627447605133
0.25077858567237854
0.2582562565803528
0.24405843019485474
0.23282629251480103
0.26100167632102966
0.22656846046447754
0.2567876875400543
0.25618064403533936
0.2605389952659607
0.26807698607444763
0.24182206392288208
0.23111958801746368
0.2686845064163208
0.2507064640522003
0.24478331208229065
0.25534960627555847
0.24820855259895325
0.24316443502902985
0.2429068237543106
0.262298047542572
0.23910139501094818
0.2412858009338379
0.24838115274906158
0.25460249185562134
0.23303605616092682
0.24085742235183716
0.24906805157661438
0.26071181893348694
0.2593393325805664
0.24220652878284454
0.2551455497741699
0.2528945505619049
0.2521331310272217
0.25173619389533997
0.2639729082584381
0.24418285489082336
0.2511674463748932
0.2549664378166199
0.2855255901813507
0.25416484475135803
0.22414998710155487
0.2457917332649231
0.25793349742889404
0.24468456208705902
0.2466576099395752
0.2517646849155426
0.25843676924705505
0.26151248812675476
0.24876666069030762
0.2625386118888855
0.2540821135044098
0.2684701085090637
0.2530893087387085
0.26153382658958435
0.24753539264202118
0.24526774883270264
0.23764054477214813
0.25625842809677124
0.228990375995636
0.258383184671402
0.2704635560512543
0.25538286566734314
0.237110897898674
0.2467423379421234
0.24978116154670715
0.24204128980636597
0.26289182901382446
0.2684817314147949
0.23393651843070984
0.23918314278125763
0.2570359706878662
0.2576344609260559
0.24013890326023102
0.25119972229003906
0.2657323479652405
0.24720387160778046
0.24524174630641937
0.2407057285308838
0.252402663230896
0.2669426202774048
0.2527368664741516
0.21394485235214233
0.25733697414398193
0.25189000368118286
0.23099997639656067
0.2606559991836548
0.25069835782051086
0.25891804695129395
0.2628297209739685
0.2643474042415619
0.2524004578590393
0.25075650215148926
0.24697041511535645
0.2537505030632019
0.24079397320747375
0.2467779964208603
0.23165303468704224
0.23941722512245178
0.2572852671146393
0.2570732831954956
0.24386531114578247
0.2408456653356552
0.250150591135025
0.24735555052757263
0.23874492943286896
0.25583410263061523
0.2534872889518738
0.2548816204071045
0.24846996366977692
0.251264363527298
0.24687248468399048
0.2677178382873535
0.23889915645122528
0.2353554666042328
0.25324180722236633
0.23878243565559387
0.2509452998638153
0.25345954298973083
0.27292460203170776
0.237498939037323
0.2644122242927551
0.2504284083843231
0.2558799386024475
0.2572816014289856
0.26233670115470886
0.2623401880264282
0.2724781036376953
0.2514064311981201
0.24167658388614655
0.2485387623310089
0.26034852862358093
0.24546293914318085
0.243398979306221
0.26472634077072144
0.24799200892448425
0.24261142313480377
0.27753350138664246
0.243853360414505
0.2448284924030304
0.24467036128044128
0.2701912522315979
0.25512418150901794
0.26189133524894714
0.25066208839416504
0.25285032391548157
0.2685595452785492
0.24573171138763428
0.25015708804130554
0.2546813488006592
0.26032665371894836
0.26144495606422424
0.24869796633720398
0.2533029317855835
0.2632002830505371
0.24663080275058746
0.2469262033700943
0.25184300541877747
0.2457469254732132
0.24061928689479828
0.2610892951488495
0.24835164844989777
0.27270519733428955
0.24554070830345154
0.25071343779563904
0.24475637078285217
0.24212457239627838
0.26257139444351196
0.2713282108306885
0.23555836081504822
0.2506300210952759
0.21422803401947021
0.2677806615829468
0.27360770106315613
0.2446775883436203
0.2540487051010132
0.2562554180622101
0.25561240315437317
0.2522341012954712
0.2628052830696106
0.24788492918014526
0.25423702597618103
0.25664037466049194
0.23980188369750977
0.260337769985199
0.24332290887832642
0.2580736577510834
0.2503160536289215
0.25317779183387756
0.2630520164966583
0.24292130768299103
0.24996820092201233
0.23856428265571594
0.24200238287448883
0.25046369433403015
0.2395576536655426
0.24787494540214539
0.25639402866363525
0.2560794949531555
0.2630525529384613
0.26198911666870117
0.2398223578929901
0.2353699803352356
0.24817928671836853
0.25589078664779663
0.24149462580680847
0.2767587900161743
0.24566596746444702
0.24906013906002045
0.24834087491035461
0.2296382188796997
0.26131975650787354
0.25435319542884827
0.24831542372703552
0.2579605281352997
0.24435973167419434
0.2435961365699768
0.2456095814704895
0.25818610191345215
0.235754132270813
0.2270216941833496
0.2553427815437317
0.26556462049484253
0.2534409165382385
0.26558080315589905
0.24440211057662964
0.2667767405509949
0.24596421420574188
0.2518644630908966
0.2534922957420349
0.25477468967437744
0.24281637370586395
0.25220707058906555
0.24195238947868347
0.25678300857543945
0.2417009472846985
0.25397592782974243
0.22837895154953003
0.23582035303115845
0.25756412744522095
0.24702565371990204
0.2631537616252899
0.25000444054603577
0.2452153116464615
0.24735519289970398
0.27018222212791443
0.24593952298164368
0.2501465082168579
0.24732086062431335
0.24559873342514038
0.24934327602386475
0.24071820080280304
0.23590604960918427
0.26047152280807495
0.2488096058368683
0.24990063905715942
0.2738567888736725
0.26530054211616516
0.2589709758758545
0.2573167085647583
0.27033260464668274
0.2564361095428467
0.2512137293815613
0.24622908234596252
0.2626623809337616
0.2531159520149231
0.24549943208694458
0.2597016394138336
0.26843148469924927
0.2583264708518982
0.25320374965667725
0.25940370559692383
0.2453228235244751
0.2589782178401947
0.26024067401885986
0.24230122566223145
0.24485497176647186
0.2632572054862976
0.25563281774520874
0.2591816782951355