0.6946753859519958
0.6801340579986572
0.648786187171936
0.6296260356903076
0.6338204741477966
0.6022608876228333
0.5952996015548706
0.5499873757362366
0.5281314253807068
0.49306878447532654
0.4500578045845032
0.40989744663238525
0.3982473909854889
0.3884013891220093
0.33980420231819153
0.3391057848930359
0.32020312547683716
0.3094196915626526
0.27651771903038025
0.2714734971523285
0.23414510488510132
0.22443237900733948
0.21811693906784058
0.21593622863292694
0.21467290818691254
0.21041178703308105
0.2030184417963028
0.20209075510501862
0.20574794709682465
0.20742595195770264
0.19375184178352356
0.19751520454883575
0.17705626785755157
0.17442314326763153
0.16074928641319275
0.1625576615333557
0.18719574809074402
0.1710226833820343
0.1793709099292755
0.17018252611160278
0.15638452768325806
0.1712014526128769
0.17933860421180725
0.1563047468662262
0.1615782380104065
0.16905374825000763
0.16045239567756653
0.16330218315124512
0.16358479857444763
0.1647738814353943
0.16882586479187012
0.1572989821434021
0.13467639684677124
0.14723604917526245
0.1490941047668457
0.16346539556980133
0.14068368077278137
0.1578289270401001
0.16740114986896515
0.15551355481147766
0.14792712032794952
0.13830432295799255
0.14583799242973328
0.15219679474830627
0.15364840626716614
0.1576031595468521
0.1555284857749939
0.149817556142807
0.15948112308979034
0.1577964723110199
0.14982746541500092
0.14509010314941406
0.14295950531959534
0.1572243571281433
0.14235574007034302
0.15880200266838074
0.14050520956516266
0.15256236493587494
0.15251973271369934
0.14938488602638245
0.1482006311416626
0.1354629099369049
0.14998947083950043
0.1463533490896225
0.15084746479988098
0.13276205956935883
0.13320627808570862
0.16075178980827332
0.15320149064064026
0.15848079323768616
0.14607931673526764
0.15333575010299683
0.15444155037403107
0.143889382481575
0.14174655079841614
0.13220788538455963
0.14211541414260864
0.14002612233161926
0.15397827327251434
0.14825144410133362
0.14610299468040466
0.14978322386741638
0.15668439865112305
0.14718252420425415
0.14974255859851837
0.15019819140434265
0.15001124143600464
0.13669726252555847
0.14410144090652466
0.14024165272712708
0.14225687086582184
0.15007619559764862
0.1314922571182251
0.1475505530834198
0.14270290732383728
0.1382105052471161
0.16578447818756104
0.15159566700458527
0.1588793396949768
0.1357809156179428
0.12730054557323456
0.13990387320518494
0.1405131220817566
0.13490399718284607
0.15370997786521912
0.15027955174446106
0.16835767030715942
0.14268691837787628
0.14256390929222107
0.13890177011489868
0.14512579143047333
0.14227963984012604
0.14117538928985596
0.14494018256664276
0.14562693238258362
0.14569073915481567
0.1547549068927765
0.1451219767332077
0.1489841789007187
0.1433560997247696
0.14329907298088074
0.14098086953163147
0.1552983969449997
0.14039942622184753
0.13419102132320404
0.14749042689800262
0.1453639566898346
0.148956298828125
0.1519678831100464
0.14573362469673157
0.12959808111190796
0.14617890119552612
0.13891881704330444
0.15603645145893097
0.1393541693687439
0.1483517438173294
0.14322257041931152
0.14449235796928406
0.13027729094028473
0.15000136196613312
0.1476874053478241
0.14393362402915955
0.1301504224538803
0.16302770376205444
0.1474921703338623
0.1415749192237854
0.1409619152545929
0.14646026492118835
0.14052818715572357
0.14869803190231323
0.14240843057632446
0.1324150413274765
0.14052608609199524
0.13781599700450897
0.14246521890163422
0.1454480141401291
0.15213511884212494
0.1586407870054245
0.1426216959953308
0.13746681809425354
0.13250450789928436
0.13968724012374878
0.1557079404592514
0.14025112986564636
0.14446784555912018
0.14605939388275146
0.14717347919940948
0.1419084370136261
0.14213140308856964
0.15264835953712463
0.14337368309497833
0.13734281063079834
0.1525401920080185
0.15088069438934326
0.14345096051692963
0.14940467476844788
0.1377514898777008
0.14269158244132996
0.1437268704175949
0.1444552093744278
0.13992932438850403
0.14891555905342102
0.1472504436969757
0.13534393906593323
0.14866262674331665
0.14240767061710358
0.14469794929027557
0.15471014380455017
0.1531658172607422
0.14302164316177368
0.14844271540641785
0.13691675662994385
0.13674625754356384
0.1356063187122345
0.14577046036720276
0.14659203588962555
0.1441464126110077
0.13994349539279938
0.15123677253723145
0.1530003398656845
0.140957310795784
0.14806008338928223
0.1362178474664688
0.14775393903255463
0.14602307975292206
0.14089223742485046
0.1464751958847046
0.15394586324691772
0.14448419213294983
0.1442267894744873
0.15952539443969727
0.14207419753074646
0.1340804398059845
0.13786490261554718
0.1522296965122223
0.14362303912639618
0.14724749326705933
0.14313620328903198
0.14326249063014984
0.13595296442508698
0.1444801539182663
0.14258763194084167
0.1488814353942871
0.14484593272209167
0.1542724072933197
0.14214718341827393
0.13172318041324615
0.15391579270362854
0.14677442610263824
0.1502094864845276
0.15680885314941406
0.13934209942817688
0.14394132792949677
0.13481362164020538
0.1356399655342102
0.13986104726791382
0.14349305629730225
0.14976581931114197
0.13825994729995728
0.14061033725738525
0.13430766761302948
0.15763387084007263
0.1316109597682953
0.1447858065366745
0.1363472044467926
0.14312049746513367
0.15802177786827087
0.1413363814353943
0.14602231979370117
0.13907936215400696
0.13371436297893524
0.14591658115386963
0.1371224820613861
0.15748891234397888
0.13164228200912476
0.15535981953144073
0.13721665740013123
0.1361943930387497
0.1522996872663498
0.13379143178462982
0.1601138710975647
0.13638630509376526
0.1416957974433899
0.13369408249855042
0.15220969915390015
0.14210295677185059
0.15033704042434692
0.14741411805152893
0.14841552078723907
0.14494720101356506
0.12821656465530396
0.1393832564353943
0.14776337146759033
0.13577914237976074
0.14100298285484314
0.13935258984565735
0.1432885229587555
0.1469138115644455
0.14173850417137146
0.15085381269454956
0.1447593718767166
0.1416161060333252
0.14354190230369568
0.1481204330921173
0.1471017748117447
0.15174028277397156
0.14072570204734802
0.1482779085636139
0.14238214492797852
0.14880792796611786
0.12582620978355408
0.15233063697814941
0.13565348088741302
0.1398719698190689
0.15225926041603088
0.13897839188575745
0.15189555287361145
0.1514381766319275
0.1468975841999054
0.14034587144851685
0.14724981784820557
0.14815960824489594
0.14308001101016998
0.13550153374671936
0.1488480120897293
0.14932189881801605
0.15323421359062195
0.14220915734767914
0.13953980803489685
0.14127621054649353
0.14316076040267944
0.13200323283672333
0.13287484645843506
0.14067932963371277
0.1486186683177948
0.14426785707473755
0.16207018494606018
0.15216472744941711
0.14209920167922974
0.15995937585830688
0.1483263373374939
0.14403530955314636
0.14297664165496826
0.14268101751804352
0.13701742887496948
0.15068522095680237
0.13950344920158386
0.14504842460155487
0.1454213559627533
0.14557424187660217
0.13695785403251648
0.12540563941001892
0.14222413301467896
0.14601865410804749
0.13915863633155823
0.14663368463516235
0.14081072807312012
0.1354641169309616
0.14523139595985413
0.15199047327041626
0.12659695744514465
0.1419169008731842
0.13757523894309998
0.149675190448761
0.1392381191253662
0.14961253106594086
0.1439879834651947
0.14072191715240479
0.14690715074539185
0.14286476373672485
0.1429542601108551
0.13543105125427246
0.1274913251399994
0.14124245941638947
0.13954243063926697
0.14185857772827148
0.15747983753681183
0.14662346243858337
0.14678265154361725
0.14862456917762756
0.14533063769340515
0.14746704697608948
0.1356978714466095
0.1457313597202301
0.1422663927078247
0.14111360907554626
0.14695002138614655
0.1405748724937439
0.1570960283279419
0.14750416576862335
0.14627671241760254
0.14279356598854065
0.14551320672035217
0.1352665275335312
0.1537143886089325
0.1340450495481491
0.13642382621765137
0.1371261179447174
0.1375759094953537
0.13866743445396423
0.1452867090702057
0.1403997838497162
0.144197016954422
0.1461048722267151
0.13142159581184387
0.14574295282363892
0.13372352719306946
0.14092597365379333
0.15390509366989136
0.14744161069393158
0.14837950468063354
0.14679422974586487
0.13485555350780487
0.15126702189445496
0.15038220584392548
0.1421351134777069
0.14523786306381226
0.13849341869354248
0.14127914607524872
0.15080244839191437
0.14080458879470825
0.14019231498241425
0.1402776539325714
0.1584250032901764
0.13773596286773682
0.13286396861076355
0.13996854424476624
0.13139691948890686
0.13622277975082397
0.14560812711715698
0.14930394291877747
0.14053188264369965
0.1348484754562378
0.14281854033470154
0.14749175310134888
0.14376981556415558
0.13877594470977783
0.13918161392211914
0.15129876136779785
0.13847842812538147
0.14471834897994995
0.1537725031375885
0.13981527090072632
0.12787586450576782
0.13882243633270264
0.13723020255565643
0.1424393653869629
0.1318155825138092
0.14224863052368164
0.13750338554382324
0.1371953785419464
0.13030385971069336
0.1483527421951294
0.1415235847234726
0.13095125555992126
0.13588517904281616
0.14509421586990356
0.14977610111236572
0.13902154564857483
0.1392623484134674
0.13567452132701874
0.13955798745155334
0.13266108930110931
0.14373986423015594
0.13906890153884888
0.13180997967720032
0.1382916271686554
0.15829479694366455
0.14711034297943115
0.14561988413333893
0.1383455991744995
0.14118391275405884
0.12340769171714783
0.1524975299835205
0.14802372455596924
0.1401509791612625
0.13272297382354736
0.13456954061985016
0.14018167555332184
0.15331047773361206
0.14051492512226105
0.1318567842245102
0.13600216805934906
0.14943061769008636
0.1482541561126709
0.13521304726600647
0.1433374583721161
0.13909511268138885
0.14102371037006378
0.13885390758514404
0.14480631053447723
0.14447247982025146
0.13319364190101624
0.13739167153835297
0.12649968266487122
0.1363099217414856
0.1371690183877945
0.13430872559547424
0.14264361560344696
0.13618826866149902
0.14237144589424133
0.15305966138839722
0.1290564239025116
0.14557379484176636
0.14744171500205994
0.1287556290626526
0.13693386316299438
0.13590370118618011
0.1467846930027008
0.14727437496185303
0.13833799958229065
0.14003853499889374
0.1483519971370697
0.1324194073677063
0.1378268003463745
0.146968275308609
0.1473834216594696
0.1384313702583313
0.14171147346496582
0.14589792490005493
0.12799778580665588
0.1435130387544632
0.14090457558631897
0.12807299196720123
0.13798224925994873
0.1290280967950821
0.14057163894176483
0.14043305814266205
0.14320728182792664
0.1412023901939392
0.12949803471565247
0.1312502771615982
0.13304759562015533
0.14191937446594238
0.12866100668907166
0.14245811104774475
0.13552555441856384
0.1365133821964264
0.14035820960998535
0.14617854356765747
0.13153204321861267
0.13753630220890045
0.12394379824399948
0.14391252398490906
0.1313132345676422
0.13928066194057465
0.1393691450357437
0.1381855010986328
0.12577876448631287
0.1443522423505783
0.13996818661689758
0.12705400586128235
0.143500417470932
0.13419049978256226
0.13712500035762787
0.13809502124786377
0.13944751024246216
0.1350139081478119
0.13848169147968292
0.13290633261203766
0.13761939108371735
0.14695635437965393
0.13551202416419983
0.12713730335235596
0.13464203476905823
0.13374972343444824
0.1373205929994583
0.14646530151367188
0.1362297236919403
0.13777866959571838
0.1275666058063507
0.12694205343723297
0.13801345229148865
0.12997224926948547
0.1288878619670868
0.13184009492397308
0.13833923637866974
0.1475418508052826
0.13189885020256042
0.13423225283622742
0.13485673069953918
0.13612285256385803
0.1463187336921692
0.14245782792568207
0.14483842253684998
0.13265368342399597
0.12946856021881104
0.15253160893917084
0.14645498991012573
0.130957692861557
0.11949420720338821
0.12890970706939697
0.1425832211971283
0.1352711021900177
0.1380539983510971
0.1349816620349884
0.1401170790195465
0.1402001976966858
0.13902340829372406
0.13553892076015472
0.132664293050766
0.13029907643795013
0.12961262464523315
0.13426923751831055
0.13721191883087158
0.1536586880683899
0.14015448093414307
0.13686040043830872
0.1343245655298233
0.14992378652095795
0.1302289515733719
0.1437479853630066
0.1288440227508545
0.1467011719942093
0.13221241533756256
0.1484491527080536
0.13797350227832794
0.1310899257659912
0.12926241755485535
0.1357431560754776
0.1351570188999176
0.14196446537971497
0.13062354922294617
0.14155778288841248
0.1287774294614792
0.14029261469841003
0.13382801413536072
0.14509275555610657
0.13651791214942932
0.15414977073669434
0.1314149647951126
0.12738944590091705
0.1244179755449295
0.13937759399414062
0.14132949709892273
0.14604097604751587
0.13336727023124695
0.13736358284950256
0.1360159069299698
0.13649483025074005
0.13777361810207367
0.12769077718257904
0.12821334600448608
0.14658123254776
0.1360257863998413
0.14466433227062225
0.13422207534313202
0.1388823390007019
0.13971593976020813
0.1330183446407318
0.13200294971466064
0.13681305944919586
0.13827666640281677
0.13856574892997742
0.14054971933364868
0.13726386427879333
0.1295207440853119
0.13860562443733215
0.13141313195228577
0.13645657896995544
0.14139708876609802
0.13808685541152954
0.1345674842596054
0.12937301397323608
0.12406569719314575
0.12487750500440598
0.13093560934066772
0.13944396376609802
0.13619258999824524
0.12939856946468353
0.13432997465133667
0.14839228987693787
0.14266833662986755
0.13095492124557495
0.1328582912683487
0.13538891077041626
0.14291444420814514
0.1307324469089508
0.13295091688632965
0.13590887188911438
0.14084023237228394
0.12798509001731873
0.1349964439868927
0.13497520983219147
0.1415746808052063
0.13449814915657043
0.13887962698936462
0.13380277156829834
0.12517212331295013
0.12626588344573975
0.14264333248138428
0.13141727447509766
0.12518367171287537
0.13024157285690308
0.12674419581890106
0.14267370104789734
0.1424732208251953
0.13617542386054993
0.13904279470443726
0.12782172858715057
0.129253089427948
0.1327100396156311
0.1363435685634613
0.1359039545059204
0.13621637225151062
0.14237350225448608
0.12934790551662445
0.13067689538002014
0.14661559462547302
0.1296752393245697
0.13793766498565674
0.12983372807502747
0.1423780620098114
0.13926184177398682
0.1317765712738037
0.13506817817687988
0.1321139633655548
0.1323380172252655
0.13081306219100952
0.13119983673095703
0.12779313325881958
0.13518686592578888
0.1305527687072754
0.13784383237361908
0.13375183939933777
0.1297871172428131
0.1441386491060257
0.1414976418018341
0.13781099021434784
0.13381290435791016
0.13241125643253326
0.1239606961607933
0.14214998483657837
0.12936770915985107
0.13394483923912048
0.13262882828712463
0.13870975375175476
0.1366518884897232
0.13468116521835327
0.13645143806934357
0.13439810276031494
0.13519781827926636
0.1296660602092743
0.1357228010892868
0.15199637413024902
0.1260044276714325
0.12977880239486694
0.14155706763267517
0.13026511669158936
0.14302268624305725
0.14369496703147888
0.12684229016304016
0.13331863284111023
0.14217089116573334
0.13440316915512085
0.12620386481285095
0.13299360871315002
0.13886335492134094
0.14289425313472748
0.14123223721981049
0.1327894628047943
0.13501742482185364
0.13463222980499268
0.13941998779773712
0.13485771417617798
0.13496389985084534
0.12325823307037354
0.1270425170660019
0.13610047101974487
0.127378448843956
0.12969380617141724
0.1305951625108719
0.14353683590888977
0.14729443192481995
0.12529686093330383
0.12737347185611725
0.13816715776920319
0.13234372437000275
0.14425379037857056
0.13495689630508423
0.13546395301818848
0.13350501656532288
0.13596989214420319
0.12794610857963562
0.1325777769088745
0.13596230745315552
0.12976378202438354
0.1362360119819641
0.14059072732925415
0.1312016099691391
0.13456806540489197
0.1315372884273529
0.1234154924750328
0.1456453800201416
0.13193169236183167
0.13274461030960083
0.13064515590667725
0.12944450974464417
0.14107127487659454
0.14687448740005493
0.13642024993896484
0.1358354240655899
0.14296798408031464
0.13282006978988647
0.12026526033878326
0.13029035925865173
0.13438741862773895
0.13356322050094604
0.13221414387226105
0.13249583542346954
0.14198872447013855
0.13007476925849915
0.1366431564092636
0.13539956510066986
0.13863922655582428
0.13428938388824463
0.13711172342300415
0.12762443721294403
0.11641348898410797
0.13063111901283264
0.14179451763629913
0.12347608804702759
0.11947605758905411
0.12885954976081848
0.13284198939800262
0.1356806457042694
0.13256889581680298
0.1465463936328888
0.13053922355175018
0.12560302019119263
0.12769365310668945
0.14467766880989075
0.14138111472129822
0.13567666709423065
0.14036062359809875
0.12919530272483826
0.13225065171718597
0.13500674068927765
0.12836936116218567
0.13042746484279633
0.13503584265708923
0.13958396017551422
0.14219312369823456
0.13819684088230133
0.13338510692119598
0.12702329456806183
0.1389281451702118
0.1309107542037964
0.13594020903110504
0.13750749826431274
0.13337251543998718
0.124554842710495
0.14417247474193573
0.12788645923137665
0.1380046308040619
0.13446146249771118
0.1302991658449173
0.13313375413417816
0.13551834225654602
0.13453441858291626
0.13467442989349365
0.13772588968276978
0.12709936499595642
0.13052988052368164
0.12997454404830933
0.12971054017543793
0.13165493309497833
0.1419771909713745
0.12753792107105255
0.13041505217552185
0.13293837010860443
0.128753662109375
0.12617824971675873
0.13102179765701294
0.12377408146858215
0.13028806447982788
0.13413317501544952
0.13453242182731628
0.13027061522006989
0.13516457378864288
0.12635119259357452
0.12670554220676422
0.1304882913827896
0.1447095274925232
0.12638288736343384
0.13286902010440826
0.128432497382164
0.13023391366004944
0.1462220549583435
0.14223046600818634
0.13705426454544067
0.13123929500579834
0.13151639699935913
0.12934908270835876
0.13744144141674042
0.12921103835105896
0.12660405039787292
0.12826794385910034
0.12548322975635529
0.14735406637191772
0.13730773329734802
0.1292889267206192
0.13525481522083282
0.1329868733882904
0.13338667154312134
0.1392187774181366
0.13110053539276123
0.13293242454528809
0.12563475966453552
0.12920190393924713
0.1350620687007904
0.12704990804195404
0.1412082016468048
0.12713350355625153
0.13007362186908722
0.13522371649742126
0.12994758784770966
0.1235203966498375
0.1323673129081726
0.13661445677280426
0.134370356798172
0.13709025084972382
0.13341209292411804
0.1265258938074112
0.1368541717529297
0.1425846964120865
0.12324365228414536
0.13124772906303406
0.13440950214862823
0.12471450865268707
0.1270769238471985
0.1294509768486023
0.12561631202697754
0.12909594178199768
0.13324058055877686
0.12534937262535095
0.12405136227607727
0.12495682388544083
0.12716394662857056
0.1387619972229004
0.12719833850860596
0.1419832706451416
0.13890624046325684
0.12943896651268005
0.12850919365882874
0.13085690140724182
0.12698884308338165
0.12497540563344955
0.13640639185905457
0.13300298154354095
0.12591123580932617
0.13140007853507996
0.131165012717247
0.11919797956943512
0.12870541214942932
0.1238851547241211
0.13447222113609314
0.12936246395111084
0.12493010610342026
0.13815271854400635
0.12884248793125153
0.13547992706298828
0.12963633239269257
0.11900712549686432
0.13018228113651276
0.14054550230503082
0.12041419744491577
0.13029801845550537
0.14220434427261353
0.1389508992433548
0.13010141253471375
0.12619203329086304
0.1321534365415573
0.13775908946990967
0.1285112202167511
0.1398327648639679
0.13565602898597717
0.12740188837051392
0.1333431750535965
0.13995862007141113
0.1279343217611313
0.12510976195335388
0.1298476904630661
0.13827630877494812
0.1258893758058548
0.13973696529865265
0.13171114027500153
0.13500434160232544
0.14755383133888245
0.12372957170009613
0.12602998316287994
0.13128599524497986
0.12815691530704498
0.1304658055305481
0.1361120641231537
0.1255396604537964
0.1288517266511917
0.130065456032753
0.12724265456199646
0.12350227683782578
