4.920228958129883
4.090716361999512
1.195436716079712
0.8953620791435242
1.1022826433181763
0.8096401691436768
1.6996086835861206
0.8202228546142578
1.3963693380355835
0.7854130864143372
0.995015025138855
0.6811953186988831
0.6900020241737366
0.643345832824707
0.6428130865097046
0.5791038274765015
0.5856728553771973
0.5633524060249329
0.5288385152816772
0.4992927014827728
0.4590064287185669
0.43463024497032166
0.4411908686161041
0.44001710414886475
0.4623454213142395
0.4463881552219391
0.43821775913238525
0.45133689045906067
0.4047151207923889
0.4611239731311798
0.40247902274131775
0.40837663412094116
0.42708033323287964
0.41717690229415894
0.4162408113479614
0.3993856906890869
0.441846638917923
0.4151000678539276
0.41063863039016724
0.42091017961502075
0.3898826837539673
0.38333746790885925
0.38258635997772217
0.39980337023735046
0.389986515045166
0.40513771772384644
0.3803529441356659
0.42437681555747986
0.4023244082927704
0.41350290179252625
0.364344984292984
0.3719502389431
0.370222806930542
0.3986533284187317
0.3945780098438263
0.4027611017227173
0.3956908583641052
0.41602322459220886
0.40536072850227356
0.40901297330856323
0.3359261751174927
0.39100968837738037
0.3730703890323639
0.4124198853969574
0.3876572251319885
0.3834325075149536
0.4058627486228943
0.3896237313747406
0.381055623292923
0.4080413281917572
0.36580994725227356
0.3899897634983063
0.35926222801208496
0.3789876103401184
0.37054184079170227
0.3824186623096466
0.34611254930496216
0.38335564732551575
0.4092373251914978
0.39065757393836975
0.37559813261032104
0.39399203658103943
0.376043438911438
0.3837142884731293
0.3840290606021881
0.3735843002796173
0.3629509508609772
0.3810329735279083
0.3693396747112274
0.36007800698280334
0.33729860186576843
0.33271050453186035
0.34960809350013733
0.3849245607852936
0.38124680519104004
0.3909710943698883
0.34285977482795715
0.3555993139743805
0.38506224751472473
0.36493805050849915
0.34642523527145386
0.35076406598091125
0.3102053999900818
0.3582090735435486
0.35346370935440063
0.36062267422676086
0.3704884648323059
0.3570537269115448
0.3432246744632721
0.3585256040096283
0.3406611680984497
0.3539813458919525
0.3485625684261322
0.3559107184410095
0.3335034251213074
0.34705740213394165
0.33342456817626953
0.3580208122730255
0.356771320104599
0.3543395698070526
0.3252466022968292
0.3472408056259155
0.35166504979133606
0.33250051736831665
0.33423617482185364
0.3451094627380371
0.34558701515197754
0.31496721506118774
0.3562648594379425
0.3825022876262665
0.31875404715538025
0.33217668533325195
0.31868883967399597
0.3253367841243744
0.37541213631629944
0.35697704553604126
0.34000062942504883
0.32439059019088745
0.3303554952144623
0.358469158411026
0.3267262876033783
0.31497207283973694
0.35619258880615234
0.3303174674510956
0.3259056508541107
0.3362176716327667
0.3550896644592285
0.33326733112335205
0.34211114048957825
0.3549000918865204
0.32779639959335327
0.34394946694374084
0.32656124234199524
0.3223761320114136
0.3172595798969269
0.32278406620025635
0.32428407669067383
0.3403032720088959
0.3437924385070801
0.3623954653739929
0.30357956886291504
0.3146922290325165
0.3402292728424072
0.31163787841796875
0.33455702662467957
0.3440353274345398
0.33934804797172546
0.35136300325393677
0.32440534234046936
0.3512127995491028
0.30833613872528076
0.312303364276886
0.33080336451530457
0.30923396348953247
0.34595218300819397
0.3164220154285431
0.3237003982067108
0.34782329201698303
0.330267071723938
0.3656092584133148
0.3200964033603668
0.32330650091171265
0.30014777183532715
0.34315645694732666
0.2907811403274536
0.31373274326324463
0.31503579020500183
0.3263891637325287
0.32106006145477295
0.3202826678752899
0.3064122796058655
0.33436188101768494
0.317180335521698
0.3233122229576111
0.32549428939819336
0.32303741574287415
0.31889405846595764
0.34684786200523376
0.3357818126678467
0.3259721100330353
0.3185802400112152
0.3064080476760864
0.3007449507713318
0.35067346692085266
0.31178516149520874
0.3243198096752167
0.322905957698822
0.3284395933151245
0.31633803248405457
0.3041888475418091
0.2826851010322571
0.31627142429351807
0.3320811092853546
0.32248684763908386
0.3162114918231964
0.28822794556617737
0.31390640139579773
0.32013753056526184
0.3148091435432434
0.30688416957855225
0.3178955316543579
0.30134308338165283
0.30785614252090454
0.29176709055900574
0.31193792819976807
0.3063003718852997
0.3086305558681488
0.31129834055900574
0.31675228476524353
0.28672316670417786
0.27234765887260437
0.28438758850097656
0.2894461154937744
0.30898886919021606
0.28702521324157715
0.29125502705574036
0.3372179865837097
0.3075439929962158
0.33258315920829773
0.29960504174232483
0.2930203378200531
0.2992602586746216
0.3015292286872864
0.2868213951587677
0.29616278409957886
0.32168611884117126
0.32207679748535156
0.3100971281528473
0.31388136744499207
0.29301321506500244
0.2675875723361969
0.3049566149711609
0.31301599740982056
0.30910611152648926
0.3317675292491913
0.31124016642570496
0.28609415888786316
0.2933396100997925
0.30355775356292725
0.31034132838249207
0.2947158217430115
0.2998882532119751
0.2811071276664734
0.29594624042510986
0.30574938654899597
0.2970905900001526
0.2978244721889496
0.3120037913322449
0.2920898199081421
0.30055201053619385
0.2813820242881775
0.2581161558628082
0.3142296373844147
0.29095080494880676
0.3124850392341614
0.29827234148979187
0.30794692039489746
0.303399920463562
0.2986217141151428
0.2792204022407532
0.2655254602432251
0.2759225368499756
0.30258068442344666
0.28969061374664307
0.2898211181163788
0.31043100357055664
0.2926581799983978
0.29654377698898315
0.3113674521446228
0.3248175084590912
0.27524781227111816
0.2932784855365753
0.28819146752357483
0.3098982274532318
0.27221405506134033
0.3196260333061218
0.3260049819946289
0.30910518765449524
0.3004496097564697
0.29461371898651123
0.28167518973350525
0.2758139669895172
0.3049691617488861
0.3005393445491791
0.2924724817276001
0.29948168992996216
0.3125002086162567
0.3055964410305023
0.31957828998565674
0.3098391890525818
0.2636718153953552
0.2860647439956665
0.2837862968444824
0.3095714747905731
0.29513654112815857
0.3283047080039978
0.29783108830451965
0.29723769426345825
0.2894764542579651
0.30576449632644653
0.28966042399406433
0.26198604702949524
0.28519970178604126
0.28986188769340515
0.30109527707099915
0.3183627426624298
0.3009434938430786
0.2846980690956116
0.3202008306980133
0.30441001057624817
0.3118670880794525
0.2936650514602661
0.29772305488586426
0.2804907262325287
0.27899080514907837
0.2927977442741394
0.2703246772289276
0.30279049277305603
0.2857351303100586
0.2927923798561096
0.27499765157699585
0.2992691397666931
0.2688697576522827
0.28466853499412537
0.2981012761592865
0.2943645715713501
0.27826857566833496
0.3028022050857544
0.29307055473327637
0.30915138125419617
0.2798771560192108
0.26056933403015137
0.28529661893844604
0.2989314794540405
0.3077096939086914
0.28943559527397156
0.294170618057251
0.2846124470233917
0.28878381848335266
0.3003634214401245
0.26258254051208496
0.2851021885871887
0.29373836517333984
0.2662027180194855
0.29061615467071533
0.2941523790359497
0.3038386106491089
0.28319063782691956
0.2772058844566345
0.2841637134552002
0.2961997091770172
0.28281715512275696
0.2801811099052429
0.26356348395347595
0.2682671546936035
0.27687254548072815
0.26693129539489746
0.26647379994392395
0.3072088658809662
0.29687944054603577
0.27230343222618103
0.2673916816711426
0.29271796345710754
0.2770404815673828
0.2537560760974884
0.27879056334495544
0.28022509813308716
0.27553388476371765
0.2749907374382019
0.3097694218158722
0.27754414081573486
0.28299784660339355
0.2805117964744568
0.2691695988178253
0.2887701690196991
0.26558801531791687
0.27440834045410156
0.298300564289093
0.2748778760433197
0.2696809768676758
0.2893846035003662
0.2825217545032501
0.2660466730594635
0.2630499005317688
0.255705863237381
0.28676438331604004
0.2864423990249634
0.2706618905067444
0.2922317087650299
0.2880045771598816
0.27163320779800415
0.2864622473716736
0.27646538615226746
0.276403546333313
0.2825312614440918
0.2912876605987549
0.29102498292922974
0.2942121624946594
0.2809640169143677
0.2833089828491211
0.25898489356040955
0.2784484922885895
0.2990129590034485
0.30055445432662964
0.2833298444747925
0.2920724153518677
0.2513121962547302
0.2695615291595459
0.2972122132778168
0.2864053547382355
0.2670857608318329
0.24493803083896637
0.25763747096061707
0.287619948387146
0.26650696992874146
0.28019440174102783
0.26703041791915894
0.27481961250305176
0.31904199719429016
0.2730603814125061
0.26427674293518066
0.274921715259552
0.27097028493881226
0.26695001125335693
0.2512592375278473
0.26047590374946594
0.2701607048511505
0.2746657729148865
0.2971975803375244
0.28759071230888367
0.2697259187698364
0.277407705783844
0.2636648416519165
0.27069520950317383
0.28276363015174866
0.270701140165329
0.26527267694473267
0.3029979169368744
0.28868427872657776
0.27223867177963257
0.26282161474227905
0.28415220975875854
0.26178810000419617
0.2967979311943054
0.2510678470134735
0.32047027349472046
0.25062862038612366
0.2763025760650635
0.26147961616516113
0.27273768186569214
0.25433123111724854
0.2508555054664612
0.2672518491744995
0.274163156747818
0.2753801941871643
0.2817097008228302
0.2723100185394287
0.2462249994277954
0.2855449914932251
0.2550237476825714
0.25882673263549805
0.26312947273254395
0.26510924100875854
0.26305532455444336
0.27811989188194275
0.259583443403244
0.2646329998970032
0.26847144961357117
0.2630825340747833
0.266775518655777
0.25909510254859924
0.2390131950378418
0.2768629491329193
0.2696044147014618
0.27080413699150085
0.25330254435539246
0.28528261184692383
0.26490354537963867
0.2641383111476898
0.2824341654777527
0.2643621265888214
0.2604972720146179
0.2739621102809906
0.29426994919776917
0.2771856188774109
0.2845427393913269
0.2681179344654083
0.2740147113800049
0.27772384881973267
0.27731314301490784
0.24571079015731812
0.2501522898674011
0.28786611557006836
0.27856606245040894
0.25526076555252075
0.2812798023223877
0.2838425934314728
0.3217642903327942
0.28866803646087646
0.2822595536708832
0.25142472982406616
0.26932090520858765
0.28032034635543823
0.26536786556243896
0.28453975915908813
0.2733709514141083
0.27147361636161804
0.25293949246406555
0.2610407769680023
0.2971417307853699
0.2464667409658432
0.2566402852535248
0.27085211873054504
0.26941943168640137
0.27664196491241455
0.2689420282840729
0.2817923128604889
0.26175519824028015
0.2975368797779083
0.29611507058143616
0.2673952281475067
0.2607501447200775
0.2839762568473816
0.24797996878623962
0.2850331664085388
0.2663899064064026
0.26991915702819824
0.27605926990509033
0.27274397015571594
0.28190168738365173
0.2524259388446808
0.2766526937484741
0.2753699719905853
0.2840054929256439
0.2679356336593628
0.26160627603530884
0.24781376123428345
0.276096373796463
0.29968178272247314
0.26825278997421265
0.2670866549015045
0.27731600403785706
0.2715407907962799
0.253534197807312
0.275113970041275
0.2565421760082245
0.27330633997917175
0.26235681772232056
0.26090511679649353
0.2742030918598175
0.2616959512233734
0.2426588535308838
0.2674643099308014
0.2636844515800476
0.2802809774875641
0.28253310918807983
0.26039841771125793
0.28315669298171997
0.2861757278442383
0.27297186851501465
0.2594172954559326
0.2586044669151306
0.24719937145709991
0.2655593752861023
0.25438031554222107
0.30307623744010925
0.2812499403953552
0.2764512598514557
0.2690699100494385
0.27244728803634644
0.2818165421485901
0.2762453258037567
0.2579996883869171
0.27227863669395447
0.2695724666118622
0.27256932854652405
0.26455360651016235
0.25922664999961853
0.2876608967781067
0.27280837297439575
0.26598986983299255
0.27834057807922363
0.25176405906677246
0.2649899423122406
0.25657960772514343
0.2902001440525055
0.29300135374069214
0.28300467133522034
0.26736846566200256
0.2802378535270691
0.24641071259975433
0.2614933252334595
0.26075074076652527
0.28874021768569946
0.27465617656707764
0.28192660212516785
0.2818451523780823
0.2724171280860901
0.29957374930381775
0.2846401631832123
0.2691381871700287
0.2702925503253937
0.26427334547042847
0.26387929916381836
0.2661850154399872
0.28215688467025757
0.28203123807907104
0.27144548296928406
0.26450714468955994
0.28825923800468445
0.25710397958755493
0.2446727156639099
0.258389413356781
0.2735673487186432
0.2914228141307831
0.2957039773464203
0.25867554545402527
0.2706209421157837
0.2708739936351776
0.2791311740875244
0.28101566433906555
0.2741372883319855
0.27843040227890015
0.23787248134613037
0.26850196719169617
0.2518399953842163
0.2552052140235901
0.2595421373844147
0.28844156861305237
0.2801564633846283
0.25910884141921997
0.2578960061073303
0.2749731242656708
0.25170397758483887
0.27052536606788635
0.25914445519447327
0.2396802306175232
0.2624381184577942
0.29868438839912415
0.2598920166492462
0.24618175625801086
0.2530411183834076
0.2457224577665329
0.27944183349609375
0.26132816076278687
0.26217398047447205
0.2923976182937622
0.2628808319568634
0.2771092355251312
0.27626729011535645
0.283907413482666
0.2644660770893097
0.2874874472618103
0.2715095281600952
0.26324042677879333
0.27605417370796204
0.2651568055152893
0.27085065841674805
0.275969922542572
0.2752301096916199
0.253643661737442
0.24671778082847595
0.273193359375
0.25652068853378296
0.24871408939361572
0.2564047873020172
0.2698516845703125
0.30557453632354736
0.2598200738430023
0.27736860513687134
0.25463977456092834
0.25573405623435974
0.2550032436847687
0.261086106300354
0.2666631042957306
0.26030832529067993
0.29095950722694397
0.26082658767700195
0.2804552912712097
0.2765291631221771
0.2600843906402588
0.2542504668235779
0.2549384534358978
0.2635956108570099
0.2782086133956909
0.2491072714328766
0.28956666588783264
0.2851625978946686
0.25915053486824036
0.27832141518592834
0.2605672776699066
0.25152596831321716
0.2517707645893097
0.2656729221343994
0.27391520142555237
0.26665082573890686
0.2606017291545868
0.25258922576904297
0.25710028409957886
0.29398632049560547
0.25933516025543213
0.26387232542037964
0.28257766366004944
0.2646084427833557
0.2712262272834778
0.2505791187286377
0.26646846532821655
0.27017897367477417
0.2675715386867523
0.2857694625854492
0.25754648447036743
0.24048443138599396
0.2644965648651123
0.26704779267311096
0.2589477002620697
0.2664025127887726
0.2664315104484558
0.27525103092193604
0.26006531715393066
0.3023310601711273
0.24374914169311523
0.2714991569519043
0.26670143008232117
0.2444288730621338
0.26535096764564514
0.25966426730155945
0.2966568171977997
0.26523956656455994
0.24956107139587402
0.2706669867038727
0.259941965341568
0.3030119836330414
0.25738802552223206
0.2542575001716614
0.3044138550758362
0.2721902132034302
0.27061927318573
0.2776208817958832
0.2643932104110718
0.26137441396713257
0.23612506687641144
0.2599622309207916
0.2731531858444214
0.24761183559894562
0.2836346924304962
0.2660526931285858
0.29384902119636536
0.24430088698863983
0.2607330083847046
0.2593275010585785
0.2664652168750763
0.2560310959815979
0.24625737965106964
0.2707158327102661
0.29418736696243286
0.2656305134296417
0.269512802362442
0.2801276743412018
0.24926188588142395
0.2646164000034332
0.25708362460136414
0.250968337059021
0.251628577709198
0.26366162300109863
0.25521957874298096
0.2661031186580658
0.2683795988559723
0.28155750036239624
0.28275856375694275
0.24391575157642365
0.26057130098342896
0.2686108648777008
0.2682105302810669
0.26521623134613037
0.2516404390335083
0.2597804665565491
0.2751270532608032
0.25430771708488464
0.24641738831996918
0.2496819794178009
0.2575596570968628
0.2480856478214264
0.2551901638507843
0.2758883237838745
0.256764680147171
0.25457045435905457
0.2880273163318634
0.28533118963241577
0.2635347545146942
0.25923416018486023
0.2619089186191559
0.2238157093524933
0.26044049859046936
0.2413337677717209
0.2763879597187042
0.25630906224250793
0.2772277295589447
0.25863322615623474
0.26312804222106934
0.2758367955684662
0.2307695597410202
0.2552833557128906
0.2490852177143097
0.25775012373924255
0.27006569504737854
0.26392698287963867
0.24489791691303253
0.2651923894882202
0.2631109058856964
0.2787899374961853
0.266198068857193
0.23253703117370605
0.2554750442504883
0.255153626203537
0.26462140679359436
0.2772943377494812
0.23876798152923584
0.24267438054084778
0.24455298483371735
0.25157177448272705
0.2606867551803589
0.24308249354362488
0.24485476315021515
0.2523285746574402
0.2678787410259247
0.24891185760498047
0.24871234595775604
0.2648187577724457
0.2602205276489258
0.25325456261634827
0.2564809322357178
0.24655772745609283
0.2570749521255493
0.28054019808769226
0.24411827325820923
0.25882118940353394
0.2393469214439392
0.25355616211891174
0.2570725977420807
0.2542717754840851
0.2398529201745987
0.24889463186264038
0.2546460032463074
0.2633594870567322
0.2568681240081787
0.254486083984375
0.2854098975658417
0.23897652328014374
0.25195667147636414
0.26876869797706604
0.2538556754589081
0.2632889449596405
0.2445697784423828
0.2546411156654358
0.2511938810348511
0.2781526744365692
0.26191699504852295
0.2497033178806305
0.2802465558052063
0.24900458753108978
0.24244281649589539
0.25586754083633423
0.2577928304672241
0.25087347626686096
0.26341378688812256
0.2682315707206726
0.2890419661998749
0.28723636269569397
0.2592755854129791
0.26064369082450867
0.2385265827178955
0.2658049762248993
0.24462540447711945
0.2419499009847641
0.267971009016037
0.24348999559879303
0.27125272154808044
0.2570365369319916
0.26779234409332275
0.28315019607543945
0.24724158644676208
0.23557934165000916
0.24298091232776642
0.2666777968406677
0.26125234365463257
0.26180341839790344
0.26086151599884033
0.2993825078010559
0.27003493905067444
0.26172158122062683
0.2596236765384674
0.2490365356206894
0.2375178039073944
0.28288891911506653
0.2423517107963562
0.2577790915966034
0.2641727030277252
0.2731802463531494
0.2755409777164459
0.2858205735683441
0.25301530957221985
0.2512345314025879
0.26264941692352295
0.2638794481754303
0.2521642744541168
0.26764166355133057
0.26391083002090454
0.2756582796573639
0.2540423274040222
0.2776392698287964
0.2585575580596924
0.2764831781387329
0.28151461482048035
0.23921647667884827
0.24872986972332
0.2605159282684326
0.27140161395072937
0.25960689783096313
0.2615550756454468
0.2552207112312317
0.23855216801166534
0.24476124346256256
0.2476285994052887
0.2571905851364136
0.25484082102775574
0.2772896885871887
0.2666712701320648
0.2768385112285614
0.25819501280784607
0.28086671233177185
0.2721796929836273
0.23842714726924896
0.23630845546722412
0.28389430046081543
0.2621816396713257
0.2601467967033386
0.26706942915916443
0.2800609767436981
0.26459774374961853
0.27530181407928467
0.2504342496395111
0.27274560928344727
0.262192964553833
0.25882688164711
0.25574254989624023
0.25492027401924133
0.27156272530555725
0.2664504051208496
0.262846440076828
0.2687327265739441
0.26319965720176697
0.25432541966438293
0.2689889371395111
0.267962783575058
0.2466477006673813
0.24473437666893005
0.25162968039512634
0.2661159038543701
0.2929992973804474
0.25556913018226624
0.2419525533914566
0.25595298409461975
0.24540241062641144
0.2471819519996643
0.2729405164718628
0.26124608516693115
0.2626357078552246
0.27785107493400574
0.2878696322441101
0.2626245617866516
0.238188236951828
0.2590053975582123
0.23519489169120789
0.2714192867279053
0.2825865149497986
0.26511451601982117
0.2663916349411011
0.27377620339393616
0.26733559370040894
0.2687999904155731