4.920517444610596
4.117552280426025
1.3156719207763672
0.9979090094566345
0.9967745542526245
1.9026644229888916
0.9550649523735046
1.8542098999023438
0.8749251365661621
1.3430662155151367
0.8452762961387634
1.0743486881256104
0.7063794732093811
0.7784706354141235
0.6705085039138794
0.7112470865249634
0.6154009103775024
0.6237169504165649
0.585872232913971
0.6195868253707886
0.5294340252876282
0.5314338207244873
0.4995384216308594
0.5425140261650085
0.5157480835914612
0.4889804422855377
0.5132971405982971
0.5204277038574219
0.5309111475944519
0.520820140838623
0.4452153444290161
0.48074617981910706
0.46155470609664917
0.48450756072998047
0.4761849641799927
0.5231936573982239
0.4671615660190582
0.4668422341346741
0.48294275999069214
0.5049567818641663
0.4524075388908386
0.47184452414512634
0.45528680086135864
0.513511598110199
0.47311946749687195
0.4992414712905884
0.4938194751739502
0.5041103959083557
0.4731585681438446
0.4809524118900299
0.4501818120479584
0.4778617024421692
0.47805070877075195
0.46407240629196167
0.47293344140052795
0.510277509689331
0.46094202995300293
0.5094019174575806
0.5376830101013184
0.497988760471344
0.45265376567840576
0.4405699074268341
0.4633895456790924
0.47443124651908875
0.44001802802085876
0.4327407479286194
0.4529237151145935
0.4830089509487152
0.4845286011695862
0.49316561222076416
0.4257526099681854
0.4337749183177948
0.4275017976760864
0.47593480348587036
0.4543120861053467
0.46232619881629944
0.4554973244667053
0.4371061325073242
0.45966681838035583
0.4788534641265869
0.4441409409046173
0.4228614866733551
0.42109036445617676
0.46436527371406555
0.43523940443992615
0.41725483536720276
0.4984232485294342
0.45964932441711426
0.45067262649536133
0.462849885225296
0.399689644575119
0.4472804665565491
0.43944746255874634
0.43620073795318604
0.4403148591518402
0.4375269114971161
0.4573324918746948
0.45254358649253845
0.4744928479194641
0.45542705059051514
0.4768204689025879
0.42040157318115234
0.43579617142677307
0.4562990963459015
0.4414828419685364
0.46227791905403137
0.44296425580978394
0.45508378744125366
0.4457172751426697
0.4439718723297119
0.4532599151134491
0.42099475860595703
0.4626052677631378
0.45529472827911377
0.42580607533454895
0.4463525116443634
0.41458582878112793
0.4160138666629791
0.4096073806285858
0.4351750314235687
0.39463213086128235
0.4351803660392761
0.4195658564567566
0.40124276280403137
0.4282010495662689
0.4360652565956116
0.4353826642036438
0.46887269616127014
0.4535042345523834
0.46041035652160645
0.40118923783302307
0.42660802602767944
0.44091910123825073
0.40805143117904663
0.42198365926742554
0.40741658210754395
0.45837172865867615
0.4725954532623291
0.4335876405239105
0.439082533121109
0.4204864203929901
0.4096493124961853
0.44125625491142273
0.4249494969844818
0.4202858507633209
0.41865643858909607
0.39562109112739563
0.4503291845321655
0.4481658935546875
0.4195007383823395
0.40673336386680603
0.4321392774581909
0.4004688262939453
0.425921767950058
0.41193947196006775
0.4587456285953522
0.4313584864139557
0.42189323902130127
0.4402030110359192
0.45045143365859985
0.4192191958427429
0.4279026389122009
0.4118359684944153
0.3977300226688385
0.41205012798309326
0.44137507677078247
0.4438702166080475
0.4266788959503174
0.3912690281867981
0.43556055426597595
0.4037645161151886
0.42499300837516785
0.43389779329299927
0.42191773653030396
0.42865461111068726
0.40008705854415894
0.42979109287261963
0.432046115398407
0.43701303005218506
0.42715027928352356
0.40763595700263977
0.4153391420841217
0.43568044900894165
0.4662720263004303
0.4267527163028717
0.41564732789993286
0.43036988377571106
0.4036501944065094
0.44481080770492554
0.44238030910491943
0.40371790528297424
0.4118058681488037
0.43169015645980835
0.44142237305641174
0.39963486790657043
0.42380690574645996
0.43970000743865967
0.4174780547618866
0.4284740090370178
0.4461786448955536
0.41154611110687256
0.4159855544567108
0.4369550049304962
0.417351633310318
0.39267560839653015
0.43586069345474243
0.4254516065120697
0.4299750030040741
0.4340503215789795
0.4195137619972229
0.3868730962276459
0.398367702960968
0.4125504493713379
0.4156285524368286
0.4301645755767822
0.4283900558948517
0.4319564700126648
0.4281427264213562
0.42954590916633606
0.4359089434146881
0.41734886169433594
0.406293123960495
0.38600608706474304
0.43456631898880005
0.4032246768474579
0.41129907965660095
0.4216547906398773
0.4286201596260071
0.4230113625526428
0.42845988273620605
0.39880719780921936
0.4141681492328644
0.41075068712234497
0.4293196499347687
0.40664905309677124
0.3995061218738556
0.41951704025268555
0.43165498971939087
0.4066782593727112
0.4166496694087982
0.3960612416267395
0.38721540570259094
0.41798147559165955
0.4069932997226715
0.3814087510108948
0.4079529047012329
0.42972561717033386
0.43584463000297546
0.43783316016197205
0.4303340017795563
0.40693727135658264
0.40674111247062683
0.40884605050086975
0.41602376103401184
0.4231833219528198
0.42616286873817444
0.4060227870941162
0.426628440618515
0.4313194453716278
0.4280218780040741
0.41565030813217163
0.4234533905982971
0.4095952808856964
0.4075685441493988
0.4197147488594055
0.3768587112426758
0.4165722131729126
0.41621941328048706
0.4100455045700073
0.42323726415634155
0.40517574548721313
0.38968774676322937
0.40272676944732666
0.40731081366539
0.4151252508163452
0.4240751564502716
0.38684380054473877
0.4021572470664978
0.4156786799430847
0.3908860683441162
0.40777716040611267
0.37709176540374756
0.405561625957489
0.4135613441467285
0.4239017069339752
0.4000764787197113
0.4064004719257355
0.4479650855064392
0.4132707118988037
0.41137146949768066
0.40200990438461304
0.38677671551704407
0.4091702401638031
0.3893764913082123
0.3769543170928955
0.42682862281799316
0.42404112219810486
0.4310420751571655
0.43958428502082825
0.4247055947780609
0.4074171483516693
0.4120466113090515
0.44019418954849243
0.41750994324684143
0.4084048271179199
0.41058820486068726
0.4179913103580475
0.422315388917923
0.4233216345310211
0.389639675617218
0.39490485191345215
0.40990447998046875
0.37367480993270874
0.42500707507133484
0.43575331568717957
0.4109938442707062
0.4222192168235779
0.40810078382492065
0.40808722376823425
0.3996780812740326
0.3999553620815277
0.43056976795196533
0.41308504343032837
0.4134995937347412
0.39473775029182434
0.39583149552345276
0.41155120730400085
0.41087251901626587
0.43950027227401733
0.41016730666160583
0.397568941116333
0.3821536898612976
0.39117568731307983
0.4199315905570984
0.42768189311027527
0.4314021170139313
0.4111248850822449
0.40680500864982605
0.43858247995376587
0.4270041584968567
0.3913670778274536
0.4116513729095459
0.44436532258987427
0.4025842547416687
0.4057886600494385
0.40477877855300903
0.4085509479045868
0.38420653343200684
0.4055249094963074
0.43136677145957947
0.3927093744277954
0.4084338843822479
0.3811913728713989
0.40500617027282715
0.42970308661460876
0.4034234583377838
0.44246864318847656
0.41157495975494385
0.39846116304397583
0.4122876822948456
0.3914445638656616
0.3933216631412506
0.36052799224853516
0.3879784643650055
0.4331439733505249
0.4009692668914795
0.41025984287261963
0.42452237010002136
0.414680153131485
0.3971540033817291
0.4004228115081787
0.42943868041038513
0.3910367488861084
0.42690980434417725
0.3938026428222656
0.42043161392211914
0.38938942551612854
0.4023822844028473
0.41379377245903015
0.4051928222179413
0.4005424976348877
0.3968466520309448
0.3971743881702423
0.4000173509120941
0.4008910059928894
0.37325093150138855
0.42003917694091797
0.3873358964920044
0.41971638798713684
0.4292658865451813
0.37215468287467957
0.3830084502696991
0.4332261085510254
0.3857058882713318
0.3932971954345703
0.3930928111076355
0.4009692668914795
0.4201221168041229
0.37816113233566284
0.4166090190410614
0.3559930622577667
0.40779054164886475
0.39532724022865295
0.4147101640701294
0.3796324133872986
0.407108873128891
0.427716463804245
0.4034784436225891
0.39541003108024597
0.43965789675712585
0.3850151002407074
0.4018922448158264
0.39215344190597534
0.39999696612358093
0.39294755458831787
0.395256370306015
0.41066840291023254
0.4170758128166199
0.41334784030914307
0.4089750349521637
0.3882509469985962
0.3864741027355194
0.3896781802177429
0.3878462016582489
0.41372138261795044
0.3930695354938507
0.3620200455188751
0.40069106221199036
0.4441867768764496
0.41328543424606323
0.36222565174102783
0.37205031514167786
0.38023829460144043
0.3656473457813263
0.41278743743896484
0.430197536945343
0.4098205268383026
0.4002733826637268
0.4536162316799164
0.41363367438316345
0.3762097954750061
0.40853115916252136
0.38502535223960876
0.4064256250858307
0.4254179894924164
0.400896281003952
0.4331126809120178
0.3832399547100067
0.4256801903247833
0.4069499671459198
0.40109285712242126
0.391708642244339
0.4016520082950592
0.3683645725250244
0.41310200095176697
0.4062449038028717
0.38339290022850037
0.3957160711288452
0.4409475028514862
0.41919538378715515
0.38008028268814087
0.37416383624076843
0.39212486147880554
0.399457186460495
0.3921789228916168
0.40125295519828796
0.4254917502403259
0.3895862102508545
0.3990961015224457
0.4100779592990875
0.3741149604320526
0.37673279643058777
0.4048835039138794
0.4134537875652313
0.40829163789749146
0.3915959894657135
0.41106662154197693
0.3916105329990387
0.38732144236564636
0.40622034668922424
0.37090498208999634
0.3918991982936859
0.384168416261673
0.4182323217391968
0.4084707200527191
0.4052779972553253
0.38064590096473694
0.38669872283935547
0.396020770072937
0.4155850410461426
0.36898088455200195
0.3710554838180542
0.3986995220184326
0.4051767885684967
0.39260274171829224
0.39097630977630615
0.4062452018260956
0.4071836471557617
0.4165861904621124
0.4062648415565491
0.37496018409729004
0.40086111426353455
0.42198801040649414
0.3895435333251953
0.3923974633216858
0.38747504353523254
0.4240911602973938
0.41475269198417664
0.3827838599681854
0.4100930094718933
0.4062962234020233
0.4097423851490021
0.40179675817489624
0.38935476541519165
0.38572919368743896
0.3988386392593384
0.39449214935302734
0.375567764043808
0.41624799370765686
0.3872131407260895
0.38174471259117126
0.39907413721084595
0.4047624170780182
0.3862239122390747
0.3918895423412323
0.38738203048706055
0.40898793935775757
0.3900841772556305
0.4108678102493286
0.3980656564235687
0.39837563037872314
0.3732055723667145
0.3984189033508301
0.38563233613967896
0.37926656007766724
0.4155619144439697
0.4195663332939148
0.4025917053222656
0.39961332082748413
0.4052024781703949
0.41244223713874817
0.3809855580329895
0.371451735496521
0.3679466247558594
0.43762296438217163
0.4028879404067993
0.39409926533699036
0.414908766746521
0.39967072010040283
0.38366469740867615
0.3728179335594177
0.3835417330265045
0.35700008273124695
0.4150601923465729
0.4063047766685486
0.39504095911979675
0.414965957403183
0.394406259059906
0.38026443123817444
0.4346349835395813
0.35976624488830566
0.3854835331439972
0.38314658403396606
0.40147218108177185
0.42063233256340027
0.39520010352134705
0.4190804660320282
0.3924931287765503
0.41252437233924866
0.4003920555114746
0.36368465423583984
0.38094204664230347
0.3700798749923706
0.40413182973861694
0.4185948073863983
0.3836584687232971
0.39480671286582947
0.41993221640586853
0.4131099581718445
0.3842220604419708
0.37654009461402893
0.3952990174293518
0.4202863276004791
0.38341233134269714
0.38437482714653015
0.375980406999588
0.40024086833000183
0.3664361238479614
0.4256563186645508
0.4041909873485565
0.3824429512023926
0.39713263511657715
0.37594735622406006
0.41830334067344666
0.39192599058151245
0.3959967792034149
0.42026564478874207
0.38753339648246765
0.3916570246219635
0.4020967483520508
0.38773760199546814
0.40654975175857544
0.3935202360153198
0.37003394961357117
0.39180392026901245
0.4113333523273468
0.3970167934894562
0.4018703103065491
0.39770036935806274
0.4009765684604645
0.38669753074645996
0.372633695602417
0.38476666808128357
0.4037880301475525
0.39419376850128174
0.3951132297515869
0.41859951615333557
0.3971635103225708
0.3808176517486572
0.38770821690559387
0.39039796590805054
0.3956935405731201
0.3887106776237488
0.37717610597610474
0.4119652807712555
0.39623787999153137
0.3821834325790405
0.3930336534976959
0.4254472553730011
0.39151039719581604
0.3790685534477234
0.3811400830745697
0.3824945390224457
0.3702731728553772
0.3982928693294525
0.4143175780773163
0.40339553356170654
0.38138994574546814
0.42168349027633667
0.40255919098854065
0.39439547061920166
0.39486968517303467
0.396941214799881
0.3696831166744232
0.37042945623397827
0.40235865116119385
0.38082900643348694
0.4005599319934845
0.39417850971221924
0.42136526107788086
0.363117516040802
0.3806402385234833
0.4007016718387604
0.39322152733802795
0.3952045738697052
0.41871246695518494
0.41244417428970337
0.43142229318618774
0.38356778025627136
0.38996052742004395
0.37773409485816956
0.38376423716545105
0.3747103810310364
0.3804070055484772
0.4073040783405304
0.4088025689125061
0.4035193920135498
0.3997657299041748
0.40495729446411133
0.42294734716415405
0.39704787731170654
0.3902725875377655
0.3859877586364746
0.3913663625717163
0.39595770835876465
0.4191005527973175
0.36551129817962646
0.4144545793533325
0.39530590176582336
0.4054195284843445
0.3839323818683624
0.37025222182273865
0.3674320578575134
0.3947506844997406
0.41377711296081543
0.4186761677265167
0.39557167887687683
0.39124128222465515
0.4186149537563324
0.3770872950553894
0.4008711874485016
0.40101033449172974
0.37369486689567566
0.3917027413845062
0.3909670114517212
0.3971778154373169
0.38338083028793335
0.38641437888145447
0.37439101934432983
0.3981072008609772
0.36667153239250183
0.3933466672897339
0.3900732696056366
0.39883577823638916
0.3910738527774811
0.41168534755706787
0.40269362926483154
0.39231741428375244
0.4066246449947357
0.39705410599708557
0.36497676372528076
0.3961745500564575
0.38581958413124084
0.3992805480957031
0.3804670572280884
0.3761553168296814
0.37276405096054077
0.4214988052845001
0.3950921893119812
0.4041200876235962
0.37053346633911133
0.3989446759223938
0.3680934011936188
0.40624114871025085
0.4107808470726013
0.4005032181739807
0.40074577927589417
0.40333759784698486
0.4044743478298187
0.3840900957584381
0.40276777744293213
0.36666688323020935
0.3681561052799225
0.3803141713142395
0.3623184263706207
0.3929794430732727
0.4188813269138336
0.40753859281539917
0.4125490188598633
0.41459035873413086
0.3638954162597656
0.3798656463623047
0.38496851921081543
0.39967644214630127
0.4064895212650299
0.39791029691696167
0.3953419029712677
0.3825247585773468
0.3980891704559326
0.38545361161231995
0.37581247091293335
0.39648962020874023
0.39987966418266296
0.3774159848690033
0.3816521167755127
0.4199990928173065
0.38616275787353516
0.4248115122318268
0.39134445786476135
0.4046737849712372
0.3808814287185669
0.3798857629299164
0.3843958079814911
0.4202880859375
0.39250147342681885
0.3771473467350006
0.38548216223716736
0.3896973133087158
0.4162549674510956
0.3929440975189209
0.3677521347999573
0.3579045534133911
0.40449556708335876
0.3993409276008606
0.42272529006004333
0.37571272253990173
0.383991539478302
0.38906794786453247
0.4043998718261719
0.38983339071273804
0.3848063051700592
0.3730612099170685
0.3812595009803772
0.3753356635570526
0.39619556069374084
0.3982110619544983
0.4164239168167114
0.41087859869003296
0.410138875246048
0.39819759130477905
0.36698994040489197
0.38921791315078735
0.37941619753837585
0.39467817544937134
0.387159138917923
0.4074171483516693
0.3944331705570221
0.41356411576271057
0.37945425510406494
0.3956705331802368
0.39740651845932007
0.3867989778518677
0.3673146069049835
0.3983185887336731
0.3746211528778076
0.39014625549316406
0.3954617977142334
0.41384434700012207
0.3912735879421234
0.3910062313079834
0.4005202353000641
0.37973350286483765
0.4091016352176666
0.40589821338653564
0.4177854061126709
0.3913736939430237
0.394424706697464
0.36878103017807007
0.39059627056121826
0.4339527189731598
0.38696643710136414
0.39789554476737976
0.3630571663379669
0.380833238363266
0.3945315480232239
0.3879205584526062
0.41164013743400574
0.3833993077278137
0.423607736825943
0.3885957896709442
0.3949764668941498
0.38876116275787354
0.38234609365463257
0.3753264248371124
0.38479840755462646
0.39684420824050903
0.3699614405632019
0.401080459356308
0.3857617974281311
0.3914740979671478
0.3855415880680084
0.385590523481369
0.3576834201812744
0.406709760427475
0.3830820620059967
0.4151674509048462
0.38533222675323486
0.39633724093437195
0.3771156668663025
0.3855583667755127
0.38567015528678894
0.3736966848373413
0.3752436637878418
0.3848852217197418
0.40210863947868347
0.3849514424800873
0.4082387089729309
0.39624813199043274
0.4089280366897583
0.39043980836868286
0.3838455379009247
0.4118399918079376
0.4379565715789795
0.36742499470710754
0.39045578241348267
0.3903232514858246
0.3694634437561035
0.3974778652191162
0.38524624705314636
0.3994829058647156
0.3631025552749634
0.3734548091888428
0.3952915668487549
0.38792064785957336
0.4091699421405792
0.40314429998397827
0.3740121126174927
0.4115089178085327
0.4003022611141205
0.40491315722465515
0.3483368158340454
0.4082200229167938
0.36795786023139954
0.3929882347583771
0.3756989538669586
0.38975080847740173
0.3938714563846588
0.4266912639141083
0.41051167249679565
0.39673754572868347
0.3864930272102356
0.3715389370918274
0.3722538948059082
0.3993750214576721
0.38687288761138916
0.38564229011535645
0.3976620137691498
0.4127417504787445
0.38607245683670044
0.40397709608078003
0.37726661562919617
0.3777022957801819
0.3604751229286194
0.3971666395664215
0.38157767057418823
0.40253767371177673
0.39446377754211426
0.3951775133609772
0.4352782666683197
0.39714333415031433
0.3638123869895935
0.38494595885276794
0.3650684356689453
0.3968193531036377
0.3904730975627899
0.3901144564151764
0.4311445653438568
0.3749448359012604
0.3903089761734009
0.3749026656150818
0.38460931181907654
0.3620971441268921
0.3629215359687805
0.36535659432411194
0.3955976068973541
0.37940290570259094
0.4015362560749054
0.36805543303489685
0.394237756729126
0.42455923557281494
0.3778720796108246
0.37246644496917725
0.3752150535583496
0.40122050046920776
0.3668999671936035
0.3965643048286438
0.358883798122406
0.39998456835746765
0.4273679256439209
0.3928220868110657
0.3646079897880554
0.3802815079689026
0.3993591368198395
0.3915545344352722
0.36145809292793274
0.37540939450263977
0.3848916292190552
0.41898250579833984
0.38425448536872864
0.40744853019714355
0.3707553744316101
0.3812490999698639
0.38301563262939453
0.3854273855686188
0.39395737648010254
0.3806309998035431
0.3995232880115509
0.3660159111022949
0.38637298345565796
0.4100550711154938
0.3754541277885437
0.3952871859073639
0.3604782819747925
0.38725966215133667
0.3956889510154724
0.3993266820907593
0.3973548412322998
0.3872211277484894
0.3633127510547638
0.39674702286720276
0.359999418258667
0.40976834297180176
0.36541393399238586
0.3799954354763031
0.3920225203037262
0.38117465376853943
0.3766767382621765
0.38957998156547546
0.3767285943031311
0.4006275236606598
0.3847731053829193
0.35363540053367615
0.38742658495903015
0.3722027838230133
0.36693185567855835
0.4086601138114929
0.39251258969306946
0.3700636625289917
0.3961499333381653
0.38353168964385986
0.3872230648994446
0.3529261648654938
0.3719312250614166
0.3874424695968628
0.3631803095340729
0.4140577018260956
0.3965137302875519
0.398112416267395
0.37746840715408325
0.39010125398635864