4.925975322723389
4.104581832885742
1.1714558601379395
0.8554934859275818
1.0299880504608154
0.7852225303649902
1.3353655338287354
0.6985248327255249
0.996605396270752
0.6658685803413391
0.8311893939971924
0.5500454306602478
0.6017008423805237
0.47274571657180786
0.4963662922382355
0.441300630569458
0.3957439661026001
0.3786250948905945
0.37000539898872375
0.33695653080940247
0.27617648243904114
0.2813027799129486
0.32096779346466064
0.3184104859828949
0.2993469834327698
0.26842665672302246
0.28123220801353455
0.2838611900806427
0.262967586517334
0.262298047542572
0.23964238166809082
0.2342357188463211
0.22267751395702362
0.2538703680038452
0.22401171922683716
0.23257756233215332
0.24791857600212097
0.23891471326351166
0.23772487044334412
0.21818867325782776
0.21587210893630981
0.228992760181427
0.230550616979599
0.20584246516227722
0.20360957086086273
0.22450032830238342
0.20311570167541504
0.2146206796169281
0.23751389980316162
0.2167181670665741
0.20725855231285095
0.2056305706501007
0.20051923394203186
0.2029338777065277
0.2095199078321457
0.2123393714427948
0.2100410908460617
0.2044776976108551
0.2104065716266632
0.23353484272956848
0.19976745545864105
0.21203993260860443
0.19943271577358246
0.22008612751960754
0.20774787664413452
0.19687075912952423
0.20682600140571594
0.18634285032749176
0.20564015209674835
0.19367429614067078
0.17622223496437073
0.20456171035766602
0.2034337818622589
0.1826268434524536
0.1866430789232254
0.18776851892471313
0.2220735400915146
0.19660797715187073
0.20013843476772308
0.1992911845445633
0.1995668262243271
0.17772409319877625
0.18110530078411102
0.1666475534439087
0.1826932728290558
0.1921563744544983
0.18692609667778015
0.19723281264305115
0.19606570899486542
0.18847180902957916
0.18907080590724945
0.18215735256671906
0.19001325964927673
0.175522118806839
0.18084858357906342
0.1715121567249298
0.17611224949359894
0.1769658774137497
0.2031436562538147
0.18762457370758057
0.1588164120912552
0.1786394715309143
0.1695745885372162
0.16254602372646332
0.17897644639015198
0.18343864381313324
0.1826111525297165
0.17619433999061584
0.17574045062065125
0.20253832638263702
0.15783214569091797
0.17472946643829346
0.16980597376823425
0.18568529188632965
0.17208456993103027
0.17308035492897034
0.1870761662721634
0.17298348248004913
0.17218519747257233
0.2017882615327835
0.16521744430065155
0.1669798642396927
0.17502902448177338
0.1966671645641327
0.17208783328533173
0.16534778475761414
0.1777472048997879
0.17832264304161072
0.20149001479148865
0.16671222448349
0.15810635685920715
0.16951300203800201
0.17657321691513062
0.18265008926391602
0.1660279929637909
0.16947007179260254
0.1715124398469925
0.1864316761493683
0.17956537008285522
0.17360790073871613
0.1495271921157837
0.1760965883731842
0.17119506001472473
0.1683436930179596
0.1792803406715393
0.1952429860830307
0.17514841258525848
0.1636703759431839
0.18475192785263062
0.16778385639190674
0.16607096791267395
0.17045965790748596
0.16969263553619385
0.1754578948020935
0.17851877212524414
0.17633551359176636
0.1769407093524933
0.15286830067634583
0.17877525091171265
0.20367029309272766
0.1497654765844345
0.15719164907932281
0.17637082934379578
0.1744523048400879
0.17000965774059296
0.15974576771259308
0.1645464152097702
0.17091022431850433
0.1613095998764038
0.18471601605415344
0.1408471167087555
0.15452426671981812
0.1597050577402115
0.17249278724193573
0.15920792520046234
0.16803458333015442
0.16434134542942047
0.14327457547187805
0.17542386054992676
0.18119263648986816
0.15324659645557404
0.17273135483264923
0.15797090530395508
0.16147704422473907
0.16244855523109436
0.1511874496936798
0.1718134880065918
0.19051478803157806
0.1758711040019989
0.17432036995887756
0.16468004882335663
0.1643759161233902
0.17279106378555298
0.14453645050525665
0.1546103060245514
0.17265138030052185
0.16762912273406982
0.16376878321170807
0.1758725643157959
0.16047947108745575
0.15740668773651123
0.16588585078716278
0.17060664296150208
0.13865706324577332
0.1549071967601776
0.16035975515842438
0.1568838208913803
0.16119913756847382
0.17011789977550507
0.15692326426506042
0.15391428768634796
0.15882277488708496
0.16571280360221863
0.16202904284000397
0.14770075678825378
0.16412387788295746
0.1502818763256073
0.15415191650390625
0.14246337115764618
0.14831335842609406
0.14740924537181854
0.14987356960773468
0.1477271318435669
0.1682102084159851
0.17463380098342896
0.1629919558763504
0.14683392643928528
0.14794281125068665
0.15009918808937073
0.15228955447673798
0.15244732797145844
0.14586466550827026
0.13601024448871613
0.15354882180690765
0.1480393260717392
0.15790021419525146
0.14755897223949432
0.1536964327096939
0.14122942090034485
0.17712824046611786
0.1494021862745285
0.14415541291236877
0.1494995504617691
0.15896283090114594
0.16619278490543365
0.15520243346691132
0.14879661798477173
0.14760132133960724
0.14768125116825104
0.14922571182250977
0.14224809408187866
0.1533350795507431
0.13927489519119263
0.15174081921577454
0.1417607218027115
0.1515875607728958
0.1537194550037384
0.15789112448692322
0.1437903344631195
0.16450177133083344
0.13856995105743408
0.15712803602218628
0.1490325927734375
0.13552746176719666
0.14890427887439728
0.1639242321252823
0.15538795292377472
0.15095722675323486
0.145841583609581
0.15275485813617706
0.1524002104997635
0.1557413637638092
0.14846046268939972
0.15976886451244354
0.15254074335098267
0.1429009735584259
0.14036522805690765
0.1498700976371765
0.15194953978061676
0.161732017993927
0.1469259411096573
0.14189545810222626
0.14354859292507172
0.1468317061662674
0.15588901937007904
0.14206823706626892
0.15996381640434265
0.13413730263710022
0.1488598883152008
0.14953985810279846
0.12438113987445831
0.15362688899040222
0.136958047747612
0.1361561119556427
0.1508771777153015
0.18359890580177307
0.15059538185596466
0.15034236013889313
0.15427643060684204
0.16770581901073456
0.15247361361980438
0.1544988453388214
0.14231523871421814
0.12842771410942078
0.15500396490097046
0.15914255380630493
0.1340949535369873
0.14637747406959534
0.16316606104373932
0.14286750555038452
0.15135864913463593
0.13078927993774414
0.13723647594451904
0.15768668055534363
0.15202417969703674
0.16115427017211914
0.14990642666816711
0.15703073143959045
0.14918522536754608
0.15645666420459747
0.15583063662052155
0.17388951778411865
0.1489572525024414
0.14113877713680267
0.13847790658473969
0.13599322736263275
0.16382737457752228
0.15490756928920746
0.15424972772598267
0.1466791182756424
0.14503857493400574
0.14796459674835205
0.1457168012857437
0.13329175114631653
0.13817130029201508
0.1671520471572876
0.15717001259326935
0.1496303379535675
0.14444568753242493
0.15911689400672913
0.14266037940979004
0.1356935054063797
0.13804994523525238
0.12975090742111206
0.13321247696876526
0.1584356427192688
0.16108453273773193
0.14846347272396088
0.15026919543743134
0.1686171144247055
0.13184542953968048
0.145032599568367
0.14761793613433838
0.1369733363389969
0.14510993659496307
0.15128940343856812
0.1353251039981842
0.14896519482135773
0.15495188534259796
0.1311810165643692
0.12773510813713074
0.14039304852485657
0.13469651341438293
0.1393904983997345
0.15386953949928284
0.1333005428314209
0.14148953557014465
0.15927225351333618
0.1439398229122162
0.13670741021633148
0.1329832524061203
0.12935788929462433
0.13875040411949158
0.16107887029647827
0.16147124767303467
0.16329632699489594
0.1397417187690735
0.15751542150974274
0.14245250821113586
0.14537298679351807
0.13436143100261688
0.13950131833553314
0.16354209184646606
0.15665042400360107
0.13262231647968292
0.15014858543872833
0.1443248987197876
0.1485784947872162
0.16133500635623932
0.14180968701839447
0.13908396661281586
0.13484598696231842
0.13307522237300873
0.15197761356830597
0.13494275510311127
0.14519593119621277
0.15439674258232117
0.13468420505523682
0.16740646958351135
0.14596350491046906
0.1363990753889084
0.13920214772224426
0.13591788709163666
0.14282336831092834
0.1316096931695938
0.16829842329025269
0.13847528398036957
0.14427796006202698
0.14929653704166412
0.15044599771499634
0.13156917691230774
0.13153570890426636
0.12420716136693954
0.15053093433380127
0.15303073823451996
0.153251513838768
0.13205231726169586
0.14831693470478058
0.13427124917507172
0.15505997836589813
0.12553709745407104
0.13842685520648956
0.12645241618156433
0.1397467404603958
0.12672817707061768
0.1490813046693802
0.14635637402534485
0.13492609560489655
0.1667814403772354
0.13931262493133545
0.135213240981102
0.14617405831813812
0.14018844068050385
0.12355392426252365
0.14158116281032562
0.1302442103624344
0.13983961939811707
0.14385540783405304
0.14339573681354523
0.1301393359899521
0.12639954686164856
0.1183871254324913
0.12489652633666992
0.14689211547374725
0.13409532606601715
0.15309558808803558
0.14156009256839752
0.148725226521492
0.14192155003547668
0.13461661338806152
0.13298340141773224
0.13463635742664337
0.13214723765850067
0.14094924926757812
0.14429563283920288
0.12404310703277588
0.14417067170143127
0.1272662878036499
0.1451108753681183
0.13710132241249084
0.12586624920368195
0.13388220965862274
0.15212935209274292
0.14557641744613647
0.12620624899864197
0.1298595517873764
0.14880307018756866
0.13315409421920776
0.1311570554971695
0.13418029248714447
0.12842434644699097
0.13346153497695923
0.12948332726955414
0.14400504529476166
0.11666571348905563
0.13202570378780365
0.1219383180141449
0.1264992356300354
0.14619934558868408
0.14834441244602203
0.12909989058971405
0.12320888042449951
0.12617871165275574
0.13229700922966003
0.1417999565601349
0.14224933087825775
0.13483649492263794
0.137291818857193
0.14783039689064026
0.15198539197444916
0.11832202970981598
0.12283840775489807
0.14583057165145874
0.13840851187705994
0.13713116943836212
0.13743756711483002
0.13633742928504944
0.13492509722709656
0.15267185866832733
0.1299087554216385
0.12917032837867737
0.13189484179019928
0.1391122192144394
0.13040566444396973
0.13849233090877533
0.12525726854801178
0.14897550642490387
0.149617001414299
0.12759514153003693
0.14585904777050018
0.13149526715278625
0.1440625786781311
0.1309884488582611
0.1337972730398178
0.14077883958816528
0.12904727458953857
0.13803549110889435
0.1372814029455185
0.15062357485294342
0.14308561384677887
0.12803637981414795
0.13141651451587677
0.1350388526916504
0.1385011374950409
0.13342560827732086
0.1390874981880188
0.12504495680332184
0.13110221922397614
0.14969110488891602
0.1474752575159073
0.1254277527332306
0.12736260890960693
0.1341436207294464
0.1435772180557251
0.12527106702327728
0.12992241978645325
0.14755383133888245
0.13843388855457306
0.14677946269512177
0.12871713936328888
0.1334886997938156
0.11447302997112274
0.12940725684165955
0.1416274756193161
0.12638911604881287
0.15317828953266144
0.13212665915489197
0.13632944226264954
0.1297655999660492
0.16395990550518036
0.13037553429603577
0.13277524709701538
0.1424383819103241
0.14487649500370026
0.12875136733055115
0.1343332827091217
0.13998763263225555
0.13790124654769897
0.12912194430828094
0.12838664650917053
0.13832494616508484
0.12999704480171204
0.14190097153186798
0.12540289759635925
0.13661716878414154
0.13750986754894257
0.13863912224769592
0.13626916706562042
0.13340863585472107
0.1322353184223175
0.13904035091400146
0.14040811359882355
0.12972278892993927
0.13622912764549255
0.14106497168540955
0.15001733601093292
0.141261026263237
0.11752229183912277
0.14644533395767212
0.13223519921302795
0.11459582298994064
0.12152998894453049
0.12456820905208588
0.13133123517036438
0.13031724095344543
0.1349669098854065
0.13454677164554596
0.1310151368379593
0.1461268961429596
0.14695413410663605
0.1151265949010849
0.1293036937713623
0.12385782599449158
0.11269363760948181
0.1315443515777588
0.13873924314975739
0.13791528344154358
0.14753034710884094
0.14799192547798157
0.15188603103160858
0.12462852150201797
0.12356025725603104
0.12341215461492538
0.12920551002025604
0.13189728558063507
0.1217634379863739
0.12628597021102905
0.14049677550792694
0.13963431119918823
0.14130899310112
0.12877637147903442
0.11928316205739975
0.12165458500385284
0.12322720885276794
0.13870468735694885
0.13234366476535797
0.12725967168807983
0.13192391395568848
0.11903893202543259
0.1384688913822174
0.12410183995962143
0.1210363432765007
0.1335337907075882
0.1306217610836029
0.13166135549545288
0.14516344666481018
0.12413369119167328
0.1369253247976303
0.14755718410015106
0.1163020059466362
0.11251699179410934
0.123837910592556
0.1295759379863739
0.1269502341747284
0.13511593639850616
0.15005207061767578
0.1379539668560028
0.13616769015789032
0.14139066636562347
0.13603630661964417
0.1297587901353836
0.12001010030508041
0.13314181566238403
0.13056384027004242
0.13805218040943146
0.14344608783721924
0.11620505154132843
0.1448955237865448
0.11294285953044891
0.13469773530960083
0.1281026303768158
0.12696948647499084
0.13584168255329132
0.1351807564496994
0.128902867436409
0.14387166500091553
0.1398657113313675
0.14394165575504303
0.1396261602640152
0.13035736978054047
0.12836356461048126
0.1233702078461647
0.1337028592824936
0.1395387202501297
0.11991363763809204
0.1430012732744217
0.14248643815517426
0.14529699087142944
0.14119338989257812
0.13045145571231842
0.12382075935602188
0.13531437516212463
0.11934684962034225
0.12976032495498657
0.13796213269233704
0.12646450102329254
0.14782248437404633
0.144065722823143
0.13921712338924408
0.1318611055612564
0.12721197307109833
0.14222656190395355
0.1273755133152008
0.1361994445323944
0.12592846155166626
0.1370246410369873
0.13730311393737793
0.13327136635780334
0.13372690975666046
0.13614171743392944
0.12185394763946533
0.13779664039611816
0.1313960701227188
0.12993906438350677
0.14521555602550507
0.1278892606496811
0.1375197172164917
0.13314539194107056
0.13267351686954498
0.13265632092952728
0.12523968517780304
0.12990990281105042
0.13660697638988495
0.14000532031059265
0.11390464007854462
0.14600802958011627
0.13197407126426697
0.13347196578979492
0.1368960738182068
0.13313420116901398
0.12376272678375244
0.13753804564476013
0.1335344910621643
0.13637329638004303
0.13542026281356812
0.12400881201028824
0.13916611671447754
0.13659235835075378
0.14674483239650726
0.13323664665222168
0.1201314628124237
0.12299030274152756
0.11764798313379288
0.14960041642189026
0.13699474930763245
0.13231311738491058
0.14507196843624115
0.1271391659975052
0.14465849101543427
0.14138361811637878
0.13233037292957306
0.1423599272966385
0.11766740679740906
0.14019937813282013
0.12947706878185272
0.1333276778459549
0.13172321021556854
0.14120255410671234
0.13523104786872864
0.13801360130310059
0.1296481192111969
0.11475002020597458
0.13683994114398956
0.13440066576004028
0.13054870069026947
0.12794089317321777
0.13419385254383087
0.14891360700130463
0.1454564481973648
0.1366509199142456
0.11909513175487518
0.12409203499555588
0.12826471030712128
0.13642406463623047
0.14885133504867554
0.13552704453468323
0.12762896716594696
0.12768030166625977
0.13476847112178802
0.15041840076446533
0.13818930089473724
0.12627547979354858
0.1394498199224472
0.12683281302452087
0.13271595537662506
0.13538753986358643
0.14359915256500244
0.13541114330291748
0.1425756961107254
0.1180739477276802
0.1266503781080246
0.1247427687048912
0.12652575969696045
0.12560810148715973
0.13863180577754974
0.1419994831085205
0.12911702692508698
0.12450913339853287
0.14497074484825134
0.13149450719356537
0.14482152462005615
0.12963828444480896
0.12565748393535614
0.12655869126319885
0.13595359027385712
0.12322400510311127
0.13496145606040955
0.1449051946401596
0.13792313635349274
0.12342533469200134
0.11896329373121262
0.12538142502307892
0.13219524919986725
0.14275409281253815
0.13861417770385742
0.12321092188358307
0.13642248511314392
0.147587388753891
0.13235430419445038
0.12972132861614227
0.1451244205236435
0.11546271294355392
0.12306588143110275
0.13694776594638824
0.13173875212669373
0.1401698738336563
0.13288557529449463
0.13049185276031494
0.14180386066436768
0.136763796210289
0.12780950963497162
0.13437463343143463
0.15176062285900116
0.13727842271327972
0.1305333971977234
0.14399303495883942
0.1332869827747345
0.13677728176116943
0.13939327001571655
0.1418844312429428
0.12195908278226852
0.13128550350666046
0.12774625420570374
0.12186567485332489
0.13928461074829102
0.12786607444286346
0.12446244060993195
0.1504211723804474
0.13022689521312714
0.13048860430717468
0.13117963075637817
0.14470089972019196
0.11935033649206161
0.13541574776172638
0.1350872665643692
0.15974673628807068
0.13406607508659363
0.12414978444576263
0.13503606617450714
0.12140942364931107
0.14711864292621613
0.12673524022102356
0.12268690764904022
0.1312107890844345
0.140009805560112
0.12347227334976196
0.13164934515953064
0.12674131989479065
0.14139166474342346
0.12738807499408722
0.1379033327102661
0.13468247652053833
0.12348144501447678
0.12977851927280426
0.13095121085643768
0.12424807250499725
0.12856538593769073
0.1420220136642456
0.1347656399011612
0.11764006316661835
0.12404867261648178
0.13877736032009125
0.12622901797294617
0.12878812849521637
0.1280612200498581
0.13068383932113647
0.12666665017604828
0.13346436619758606
0.13186438381671906
0.13035783171653748
0.12304704636335373
0.1280314326286316
0.12634685635566711
0.13415125012397766
0.1325964480638504
0.12445855140686035
0.13680212199687958
0.13373878598213196
0.13108618557453156
0.12620218098163605
0.11738841980695724
0.12445943802595139
0.12992404401302338
0.1312684267759323
0.13485708832740784
0.13893091678619385
0.13588881492614746
0.13934458792209625
0.14203639328479767
0.12847968935966492
0.12480069696903229
0.1199122741818428
0.11834710091352463
0.13421735167503357
0.15017424523830414
0.12196861952543259
0.1370238959789276
0.12361270934343338
0.13249848783016205
0.1315050572156906
0.1224827766418457
0.11959448456764221
0.12781104445457458
0.13268910348415375
0.13891607522964478
0.1307482123374939
0.1335391253232956
0.1301896721124649
0.14405681192874908
0.11374767869710922
0.11990289390087128
0.13179545104503632
0.12287907302379608
0.12337815016508102
0.121933214366436
0.1289917230606079
0.13144242763519287
0.13572271168231964
0.12061401456594467
0.1428525447845459
0.12923772633075714
0.1340494155883789
0.12127897888422012
0.13778147101402283
0.14858806133270264
0.1498851776123047
0.12504802644252777
0.12045862525701523
0.12136685103178024
0.13283243775367737
0.10885686427354813
0.1221863180398941
0.13461320102214813
0.1321202516555786
0.13259480893611908
0.1202266588807106
0.1395326852798462
0.139346644282341
0.14181937277317047
0.12291240692138672
0.12872019410133362
0.12110113352537155
0.11897098273038864
0.12912805378437042
0.1324996054172516
0.140253946185112
0.13143174350261688
0.1257522851228714
0.12971127033233643
0.14598923921585083
0.11228121072053909
0.14026521146297455
0.13409793376922607
0.1269848793745041
0.1281447857618332
0.12345502525568008
0.14105279743671417
0.12910950183868408
0.12703530490398407
0.1310333013534546
0.12467195093631744
0.12588615715503693
0.12981629371643066
0.13866157829761505
0.13837961852550507
0.13035956025123596
0.12970416247844696
0.13276366889476776
0.129791259765625
0.1252119392156601
0.1262362003326416
0.11256134510040283
0.11216086149215698
0.13033832609653473
0.1243029460310936
0.1411019116640091
0.1354263573884964
0.12725232541561127
0.1353885531425476
0.13244473934173584
0.12383898347616196
0.12945352494716644
0.14005756378173828
0.13071660697460175
0.13629764318466187
0.14972522854804993
0.12955908477306366
0.1279287040233612
0.11850244551897049
0.11985525488853455
0.13511615991592407
0.12667304277420044
0.12105637043714523
0.14364829659461975
0.12330896407365799
0.13448500633239746
0.11935845017433167
0.1337648630142212
0.14320586621761322
0.13462404906749725