0	27	50
7	29	110
3	25	46
86	1	50
65	4	7
112	23	2
34	42	91
20	27	14
15	8	7
40	42	0
24	23	134
90	25	126
127	1	87
50	33	113
106	45	35
113	40	35
94	25	32
102	14	87
127	1	29
20	11	22
87	42	69
50	39	11
130	1	98
24	23	107
28	7	110
105	39	110
86	42	7
98	39	28
48	18	55
94	1	110
26	40	4
27	27	28
29	39	87
67	1	28
99	1	50
87	1	11
13	4	62
27	26	16
50	29	89
93	1	110
48	8	98
7	34	6
45	26	96
40	29	105
99	25	46
86	40	71
26	27	12
92	42	91
40	1	105
79	31	98
86	1	57
91	26	16
130	38	40
86	1	77
71	18	45
117	6	7
71	21	12
50	42	14
123	27	120
107	25	46
107	44	124
99	1	87
71	21	122
89	40	117
29	29	59
118	25	76
28	39	12
94	23	107
68	25	132
117	18	20
43	25	46
4	23	44
87	40	71
15	8	29
63	25	36
101	25	36
52	29	92
37	29	14
67	18	20
27	1	59
27	34	26
71	18	26
8	34	77
88	31	29
52	19	105
50	8	40
101	29	87
0	26	96
39	17	74
14	39	29
29	29	110
131	34	9
92	42	125
64	1	29
118	25	46
98	40	117
31	6	92
92	42	47
67	6	29
15	1	29
43	6	105
119	20	13
51	20	13
34	42	50
130	44	124
133	27	15
72	22	35
124	29	37
34	42	89
10	6	7
32	23	134
29	42	87
21	27	110
105	39	6
102	1	34
67	8	28
6	23	53
39	31	24
98	42	89
43	23	93
89	1	87
66	40	118
105	7	7
53	23	119
107	38	92
110	39	111
37	7	0
9	26	96
94	23	81
0	29	87
8	27	122
123	25	103
29	14	50
67	1	98
92	33	86
28	1	111
29	1	132
51	26	96
34	41	9
40	8	0
123	28	106
74	18	26
27	1	102
110	40	117
15	6	92
87	42	47
10	44	74
14	39	50
81	23	30
111	23	77
103	40	33
110	39	59
133	6	40
89	1	91
124	29	14
79	3	89
130	32	96
9	23	53
20	25	109
59	39	91
111	23	100
58	27	57
110	39	29
124	19	89
40	39	14
78	30	32
98	1	12
86	33	2
29	37	86
126	26	16
71	8	37
52	29	74
122	6	86
40	29	87
22	12	81
92	8	0
79	31	71
88	4	7
26	27	29
40	39	12
106	35	1
76	9	39
102	42	98
112	35	97
40	14	92
39	2	30
28	1	91
6	25	9
43	1	29
34	42	47
14	39	40
131	40	117
31	25	128
93	1	50
48	8	7
64	1	105
79	17	40
7	27	29
92	29	102
37	1	11
14	1	132
27	27	102
71	1	91
58	40	15
44	6	50
28	42	69
50	42	98
120	31	30
87	39	102
10	17	50
60	4	7
131	27	12
40	42	47
74	42	13
34	25	46
37	25	7
29	8	37
22	12	104
87	1	29
114	5	88
104	23	72
105	8	92
34	41	133
40	29	89
29	39	92
48	18	59
79	3	31
86	4	34
19	27	20
92	1	9
120	32	16
74	8	86
4	1	89
130	25	49
105	37	40
86	7	0
92	39	122
99	6	105
29	39	3
50	39	133
93	1	91
0	34	119
66	27	130
92	25	91
29	33	92
94	26	96
105	39	53
26	34	122
92	14	86
92	33	106
102	1	28
44	6	105
71	18	87
27	1	89
9	26	16
7	42	86
86	25	91
0	34	83
113	40	121
78	4	92
48	1	91
39	17	92
40	7	50
14	40	134
79	3	75
20	27	86
39	25	65
130	8	110
113	26	96
92	14	40
77	6	40
40	7	105
27	34	18
89	1	100
31	23	30
32	25	109
40	25	108
50	29	105
50	25	105
112	40	84
99	23	10
2	45	35
74	42	39
111	25	46
87	1	9
39	3	10
39	1	92
69	42	7
50	8	29
108	42	0
105	42	130
86	1	14
39	31	40
71	1	40
71	21	133
79	3	117
104	1	89
130	1	89
81	23	15
76	25	36
108	42	86
74	42	130
50	1	29
28	40	48
117	25	46
14	39	3
112	45	121
79	2	64
59	40	15
101	41	119
50	33	51
28	1	50
110	40	48
26	34	111
74	42	79
73	4	62
20	27	122
120	31	72
78	21	50
111	27	93
130	4	29
78	4	50
107	8	105
18	25	9
127	1	28
83	25	109
59	39	29
71	1	86
21	27	59
110	1	50
73	25	49
19	25	126
94	6	40
115	19	38
93	18	58
88	25	1
71	1	98
86	26	16
120	31	117
101	41	68
13	4	51
60	4	37
45	34	100
47	42	108
10	8	86
105	39	91
24	25	32
26	40	71
125	29	86
20	34	9
102	39	119
92	33	113
50	29	86
29	1	122
17	22	35
116	25	36
98	25	110
0	29	29
29	40	22
64	1	59
120	31	92
74	8	29
26	34	3
117	8	110
75	1	105
27	34	12
45	16	26
34	42	40
41	6	7
112	35	13
15	8	28
42	32	96
93	8	29
102	1	91
15	18	55
78	29	29
102	39	122
98	1	101
64	18	28
32	23	48
122	27	15
98	37	87
44	25	46
107	18	89
81	23	75
127	1	86
108	26	16
87	42	13
66	25	36
107	8	37
86	1	18
117	8	7
81	1	40
71	23	117
30	1	89
120	31	102
134	1	89
112	35	73
134	8	102
39	31	134
58	34	68
51	45	76
39	45	10
92	8	105
115	19	97
98	39	57
19	27	29
31	6	50
112	35	82
130	8	59
125	4	96
133	6	92
0	42	89
48	1	59
71	8	92
105	33	112
55	34	83
64	6	105
133	23	18
52	4	37
107	8	29
120	31	86
86	8	40
44	1	98
7	29	29
2	45	121
40	29	74
107	38	50
27	27	39
2	40	84
78	29	98
74	18	98
3	23	83
59	1	9
29	39	11
92	7	29
59	42	0
94	23	44
78	30	64
62	35	42
71	23	64
133	23	12
47	42	28
0	27	105
103	27	120
124	25	46
89	42	7
104	1	87
0	1	119
0	7	7
75	23	17
110	39	40
65	4	0
127	1	50
26	27	14
87	42	102
92	7	0
95	25	46
39	3	24
73	26	16
21	27	14
29	1	92
50	8	92
131	25	8
52	19	50
22	6	0
68	25	109
21	27	22
92	39	110
78	29	110
89	25	49
92	1	102
10	18	58
79	31	29
93	6	92
45	16	20
101	42	74
23	26	96
122	23	83
40	42	102
87	40	93
54	1	14
79	3	10
116	30	25
12	23	132
20	25	55
111	27	71
28	37	110
57	23	122
10	44	29
134	18	58
10	23	17
45	27	110
37	42	91
102	42	110
30	6	0
121	6	50
88	4	0
51	35	13
120	31	104
130	45	84
108	42	40
58	40	24
105	39	40
130	4	40
28	39	6
58	27	98
37	1	111
134	8	7
117	6	92
54	1	59
27	25	55
107	6	29
71	21	86
79	31	117
120	4	92
2	23	62
69	42	87
55	40	81
55	13	22
17	1	87
92	8	29
29	8	50
15	23	67
61	4	50
50	4	105
48	8	89
14	39	122
52	29	14
73	4	16
50	42	105
86	4	50
13	4	112
67	23	30
55	40	4
127	26	96
93	6	50
8	25	46
131	27	87
98	40	93
92	29	59
51	25	36
40	1	18
110	1	29
103	5	39
65	25	97
20	0	21
110	1	87
20	24	21
50	1	105
29	14	40
94	23	4
40	42	37
112	4	74
14	1	3
93	26	16
105	42	65
59	39	18
15	8	89
59	1	68
57	23	12
10	1	14
112	35	120
88	45	121
99	1	98
54	1	105
31	1	28
39	17	86
70	9	13
32	23	64
47	42	40
17	6	0
98	1	110
50	1	111
122	26	96
71	18	89
120	31	64
20	40	43
59	42	89
52	19	98
98	42	14
48	8	59
102	42	86
62	25	36
31	26	16
119	25	100
59	1	29
89	39	98
45	34	68
97	4	0
104	23	31
134	18	131
87	42	98
44	23	31
94	23	72
89	37	87
123	27	79
62	45	76
101	42	47
124	4	92
115	42	87
105	39	98
66	40	76
105	1	77
105	14	92
32	23	17
58	1	102
130	4	105
106	25	62
86	1	92
73	1	87
107	44	37
40	42	13
37	34	6
59	39	89
12	23	119
79	31	110
0	42	108
39	25	1
50	29	98
92	39	29
59	39	111
93	8	89
86	1	132
58	27	110
58	27	7
29	7	74
44	23	10
124	4	105
86	1	68
20	34	53
71	8	86
29	39	12
4	25	128
86	4	29
110	42	108
43	1	102
58	34	6
97	26	96
39	2	48
37	42	74
62	35	13
93	8	92
134	25	46
66	25	103
45	27	92
92	8	86
29	39	102
111	23	6
130	25	1
39	1	110
8	27	12
71	6	40
8	25	109
78	19	92
79	3	107
19	27	92
113	35	38
28	42	98
10	25	46
86	1	100
29	42	89
81	1	98
79	32	39
73	25	13
109	26	96
94	23	30
40	8	37
34	41	132
34	42	110
79	31	86
59	42	98
92	40	67
79	31	28
29	29	28
52	4	40
120	4	7
29	26	16
0	1	9
99	1	28
20	40	104
29	39	122
29	8	92
113	35	88
95	25	36
2	35	61
6	25	100
0	1	18
131	40	48
10	8	110
124	26	16
29	39	105
52	19	89
15	8	50
86	1	73
89	1	53
89	42	14
17	23	134
120	31	87
78	30	128
29	37	92
28	42	102
24	6	37
54	6	29
43	1	91
81	23	134
73	10	70
22	6	50
89	39	53
81	1	50
79	32	96
98	1	100
39	4	29
71	1	14
50	42	102
14	1	68
99	25	30
55	27	37
106	40	41
110	40	134
50	1	91
48	1	87
29	39	50
50	25	91
59	37	87
50	40	71
20	40	4
59	1	34
117	18	102
87	1	34
89	1	102
125	4	112
108	42	47
28	7	59
55	27	50
102	1	89
127	23	117
40	40	134
93	6	86
26	40	24
75	6	0
32	1	105
26	27	57
26	27	39
17	25	128
55	40	93
101	42	59
0	29	102
112	26	96
39	2	22
98	1	57
113	23	106
91	39	89
73	25	1
86	14	105
132	23	68
47	26	96
99	6	92
86	40	67
42	4	37
58	40	81
45	34	11
88	31	10
110	33	129
107	38	29
22	25	46
26	34	100
131	13	22
17	23	93
10	8	105
105	39	57
53	25	9
27	40	104
87	42	86
86	39	105
92	1	87
50	39	29
78	19	34
52	29	37
59	1	6
66	5	79
59	42	28
30	1	14
48	1	110
44	6	86
21	34	20
73	4	60
134	1	50
14	42	98
128	6	105
120	31	14
78	21	37
7	1	89
0	1	11
59	39	77
112	35	88
50	42	89
87	39	28
112	35	79
48	8	87
116	30	28
120	31	110
133	23	6
89	39	6
14	26	16
39	31	44
57	23	119
113	35	79
92	7	74
48	1	14
134	6	86
98	42	59
94	23	17
64	8	40
21	9	23
7	1	68
72	23	64
93	18	26
50	42	0
34	42	102
99	6	7
131	16	20
105	1	110
106	40	118
105	39	86
20	34	83
106	35	39
15	18	89
57	25	46
117	1	92
27	40	4
102	39	83
102	39	6
92	25	14
28	40	93
51	45	118
40	7	86
85	38	105
0	34	57
50	14	29
130	1	14
39	2	117
39	1	86
118	1	103
17	1	91
50	8	0
58	1	87
105	33	2
78	4	37
31	23	93
8	34	68
72	1	28
20	27	0
17	1	89
9	25	100
110	1	133
79	31	50
91	26	96
62	35	120
110	39	53
28	1	132
27	27	12
10	8	98
94	23	43
31	1	14
68	20	73
10	8	92
64	6	50
10	1	87
0	27	92
105	42	125
48	23	64
104	1	98
10	6	40
127	23	31
85	38	74
118	25	36
29	1	59
62	45	85
121	25	109
40	7	0
29	42	86
51	35	38
84	6	74
58	27	102
59	37	102
132	23	100
62	20	13
28	39	111
69	42	86
32	6	0
91	39	14
15	1	87
0	42	92
132	23	6
115	25	46
0	33	62
31	1	98
58	34	18
48	25	46
86	29	28
105	1	28
130	45	41
88	31	116
15	23	117
103	27	130
87	40	51
57	23	53
4	1	98
51	45	35
27	34	131
33	26	96
71	8	50
92	33	112
52	29	28
91	42	50
127	22	35
19	27	14
75	23	31
81	1	110
117	1	89
55	34	100
6	25	46
98	1	133
89	39	9
28	42	91
74	42	98
119	23	100
59	42	7
111	27	48
122	27	67
29	39	28
89	39	119
130	4	92
94	23	48
37	4	34
58	40	127
15	6	7
61	26	96
124	19	110
26	40	127
86	40	93
44	1	28
133	26	96
101	26	16
106	45	33
102	7	89
105	39	119
29	8	7
74	42	7
105	40	71
10	38	86
107	8	89
89	42	105
41	44	86
32	6	86
4	1	86
87	1	3
2	40	35
0	27	122
86	39	53
127	23	107
112	40	121
128	25	109
105	33	92
124	19	102
106	35	38
26	34	18
77	6	86
14	25	108
19	0	21
2	40	33
59	39	119
38	26	96
74	42	14
31	1	87
40	39	18
50	39	100
27	27	130
66	28	106
133	6	86
26	34	53
127	6	86
26	34	9
110	39	98
87	1	59
40	39	86
29	29	86
114	27	39
0	34	11
124	29	59
81	6	7
107	1	105
127	6	74
69	42	37
0	42	130
36	26	96
15	8	40
39	4	40
18	25	100
79	2	10
98	40	134
88	31	86
53	25	132
50	39	6
6	23	100
7	27	122
10	22	35
40	37	86
48	6	105
105	33	51
93	18	110
107	8	50
55	27	14
104	23	107
31	25	109
59	39	14
107	25	109
130	38	105
67	23	71
74	18	28
27	40	43
29	42	110
40	40	131
4	23	75
40	39	98
7	29	89
98	39	100
124	17	7
51	25	62
64	8	89
27	34	132
96	26	16
117	23	72
114	5	65
12	26	96
66	26	16
94	6	37
37	27	29
134	8	50
59	39	132
4	6	0
26	27	40
9	20	73
64	1	92
5	25	126
27	27	0
24	23	64
93	18	131
73	4	34
98	40	22
50	1	83
64	18	58
34	42	105
43	1	28
124	4	7
65	1	89
99	23	117
131	27	122
39	1	50
10	18	89
64	6	74
86	39	100
112	20	73
93	18	20
118	1	106
43	23	30
101	30	110
101	42	69
55	34	12
134	6	37
54	6	50
81	23	43
94	23	75
2	35	42
44	6	0
92	37	86
79	3	4
87	39	50
15	8	59
112	23	62
93	8	102
127	6	50
7	34	100
26	27	7
43	1	50
120	31	59
35	25	84
48	1	89
77	23	6
62	25	46
102	1	40
39	31	10
59	1	86
28	25	108
14	39	105
131	25	109
10	44	124
68	25	100
87	42	59
39	31	71
58	34	57
91	39	28
34	42	87
113	28	103
104	1	14
130	44	37
81	25	32
40	1	102
105	29	29
40	1	89
40	1	91
99	23	71
94	1	28
21	27	92
50	1	11
32	23	75
132	23	11
26	26	16
79	3	48
50	33	106
67	18	28
0	29	98
58	1	110
98	1	77
91	42	29
85	6	105
27	34	11
91	1	29
126	42	87
2	20	73
105	8	29
40	40	93
113	35	130
74	42	91
40	40	15
93	18	55
40	1	50
73	4	37
26	25	46
15	8	98
4	1	92
89	42	98
65	1	105
101	42	110
26	27	50
48	18	20
1	26	96
37	33	112
87	42	7
39	3	17
24	23	31
27	27	74
107	1	14
117	1	105
7	1	87
107	18	20
94	23	64
4	26	16
64	8	50
67	8	7
28	42	7
1	25	49
86	1	105
114	27	97
93	23	67
52	19	59
74	42	69
40	14	105
74	42	65
93	8	110
58	27	92
0	1	83
55	34	119
105	1	86
4	23	17
105	42	50
49	26	96
87	37	110
87	39	92
39	2	104
55	27	86
24	23	43
130	1	105
39	2	4
48	8	0
79	31	22
110	42	14
40	39	110
12	6	105
129	9	28
58	27	12
62	45	118
114	5	42
117	8	92
32	23	104
27	40	22
123	27	61
72	6	37
29	25	108
132	25	46
11	26	96
4	1	91
88	31	107
29	1	28
98	39	40
48	18	58
75	1	110
114	27	61
102	39	100
112	40	41
39	31	30
19	27	0
54	1	40
107	1	92
94	1	29
131	34	83
31	22	35
131	27	102
65	4	86
86	42	65
31	6	74
83	23	11
26	40	104
134	25	128
121	6	37
45	34	53
125	1	73
117	4	133
59	1	53
29	1	40
81	23	72
32	1	89
40	42	130
107	18	55
80	25	36
52	4	7
40	1	92
105	39	102
93	6	29
78	21	74
29	7	105
103	25	46
10	8	50
0	34	133
89	37	28
62	45	35
67	8	0
118	1	2
92	25	49
131	27	92
0	33	112
29	42	79
59	1	92
78	29	0
62	26	16
23	25	46
134	1	98
79	3	43
98	9	129
40	42	91
87	26	96
7	42	87
113	28	123
131	34	53
50	39	28
8	34	6
86	26	96
45	34	111
30	6	50
107	23	71
107	22	35
79	31	59
92	42	14
67	1	89
125	4	63
74	18	110
81	25	30
107	6	50
122	23	53
52	19	110
134	8	59
93	1	105
39	3	72
23	25	56
54	1	98
86	37	40
98	26	16
112	4	50
95	26	96
51	40	35
79	17	50
108	42	105
87	1	73
127	25	32
38	25	1
44	1	86
62	40	84
88	31	22
29	1	12
50	42	13
50	1	28
29	25	49
62	20	125
78	30	67
24	23	30
78	21	89
92	39	12
68	20	125
103	27	65
60	25	126
89	1	105
34	41	111
107	44	86
0	42	79
16	25	46
14	25	49
14	25	91
73	39	125
88	31	104
78	30	89
107	23	64
130	38	29
51	40	118
14	1	100
51	45	33
105	1	132
89	1	77
4	23	30
88	4	74
61	4	92
50	40	134
79	3	14
43	6	29
101	42	89
18	26	96
41	44	40
130	1	59
86	29	105
92	14	29
112	35	125
102	1	132
48	6	0
99	6	50
98	1	89
93	6	37
123	40	76
74	18	27
85	6	40
117	6	50
81	1	59
29	1	53
59	39	110
4	6	92
72	6	50
14	39	53
92	1	77
0	34	9
24	1	92
86	42	130
0	33	106
86	37	29
123	27	130
86	8	7
89	1	111
105	29	86
78	30	102
50	39	57
32	6	92
26	40	81
67	1	92
28	39	110
116	30	5
37	42	130
131	27	110
28	39	119
105	40	48
48	1	40
3	27	71
8	34	122
34	29	59
37	33	2
75	23	67
51	35	61
107	6	37
29	33	40
131	27	39
58	27	74
28	37	87
2	35	120
131	27	130
20	0	26
43	23	67
35	6	37
67	6	0
21	11	131
27	27	89
79	2	22
73	4	106
67	26	16
39	1	59
98	7	28
106	35	125
104	1	59
39	1	40
14	39	110
10	26	96
37	1	57
110	1	102
50	8	74
107	17	29
77	25	109
29	1	100
92	1	83
40	1	28
29	42	59
98	42	69
20	34	119
20	25	8
127	23	48
64	26	16
59	42	102
30	6	29
59	39	57
15	8	102
79	26	96
78	4	86
3	23	132
39	3	117
113	17	29
123	27	65
93	23	134
59	39	105
86	33	92
110	37	102
113	40	33
43	1	59
50	1	18
60	26	16
123	5	61
32	23	107
61	32	96
99	23	15
105	42	37
18	25	132
94	23	71
104	6	86
87	1	53
85	44	74
39	32	16
111	23	11
79	3	98
32	23	93
87	1	68
15	18	26
0	8	7
74	42	73
32	23	99
65	1	92
102	1	77
8	34	119
50	14	105
59	39	53
81	23	31
59	1	132
20	27	110
14	42	50
134	8	92
4	23	48
61	25	97
0	42	40
13	1	73
89	39	110
2	40	76
31	6	29
7	27	86
112	45	76
17	1	110
64	6	40
107	8	74
4	23	24
122	27	117
98	1	40
102	1	110
15	18	20
59	1	91
102	39	40
39	4	7
97	4	86
134	4	133
74	33	106
21	27	98
40	39	91
61	4	0
6	26	96
73	4	101
71	8	14
74	42	92
84	6	40
69	42	59
39	3	31
116	30	59
130	44	105
30	1	110
81	22	35
39	31	48
122	23	77
20	34	6
37	1	87
105	14	50
41	44	37
131	27	89
59	1	87
88	31	127
130	8	86
26	34	133
26	34	131
81	6	29
59	39	92
62	35	73
62	40	33
0	42	65
19	27	50
15	8	86
39	3	32
0	33	51
110	1	6
32	6	74
13	4	60
87	1	110
93	6	40
106	35	88
91	25	49
88	4	37
41	38	86
110	39	92
89	39	14
37	29	105
86	1	29
110	25	91
86	1	12
99	23	75
93	1	92
37	42	108
48	18	27
59	37	110
114	27	88
67	25	109
59	40	22
71	8	28
20	26	96
79	3	94
102	39	133
59	39	11
64	18	131
17	1	59
27	27	40
51	35	73
131	34	119
98	39	29
134	8	14
31	1	50
17	6	50
18	20	125
44	23	75
85	44	7
7	25	46
79	2	31
64	8	87
56	25	36
26	34	132
40	40	71
51	40	85
71	8	87
64	8	74
39	4	74
79	31	116
32	1	59
34	26	16
107	23	72
102	1	11
0	34	68
40	42	29
102	39	3
70	42	87
73	4	40
39	31	15
15	23	72
39	2	24
35	6	29
37	29	98
134	18	28
59	42	86
44	25	30
26	34	68
127	25	81
28	1	133
18	23	53
92	40	15
15	23	134
128	6	50
67	1	110
50	29	92
110	42	40
67	18	87
55	27	105
79	31	104
20	27	50
48	8	110
34	41	53
37	42	89
11	23	100
15	4	133
75	23	93
21	43	26
99	23	93
5	41	4
71	25	31
121	6	105
58	34	11
34	42	108
86	8	105
86	33	74
117	8	102
92	25	105
78	30	98
81	25	109
110	1	122
102	39	77
67	26	96
74	42	86
27	34	122
79	2	48
124	4	50
0	42	50
39	45	85
47	25	69
106	45	85
112	25	46
45	25	109
48	23	30
14	42	105
39	3	75
39	3	71
14	1	40
86	1	13
12	27	48
92	42	59
120	25	1
105	39	89
85	6	37
40	39	68
87	42	50
14	39	132
74	18	87
28	39	87
77	20	73
7	42	79
134	6	40
44	23	67
74	42	125
89	39	3
4	23	72
123	5	79
48	18	98
110	1	92
79	32	130
86	42	37
111	23	68
29	4	50
8	27	57
127	6	40
67	4	133
48	1	28
111	26	96
101	41	122
2	23	106
14	42	69
133	23	100
29	1	11
57	23	9
102	25	108
7	42	39
12	27	67
14	1	98
39	2	43
123	25	46
27	0	21
43	1	89
107	8	7
12	23	83
77	23	68
98	42	91
37	34	9
98	40	15
43	26	96
28	39	92
79	31	92
79	32	16
104	25	30
131	27	59
87	39	9
94	1	40
44	6	74
24	6	74
10	38	50
37	42	40
73	4	7
105	1	102
77	20	13
105	42	47
82	26	16
67	23	72
124	29	50
32	1	87
86	1	89
51	40	84
15	8	74
40	42	98
112	23	106
50	7	0
127	23	15
29	29	50
67	1	29
59	39	50
79	25	49
106	40	76
39	2	15
98	42	102
65	4	105
0	1	100
19	25	36
0	42	13
29	26	96
37	42	65
71	8	7
101	29	59
127	23	30
50	8	37
50	37	40
110	1	68
40	8	105
103	27	39
12	27	134
30	1	28
73	4	0
128	6	86
9	23	68
44	1	102
32	1	92
87	1	6
6	23	119
87	1	86
35	6	86
39	31	43
91	25	108
37	42	39
88	31	134
106	35	120
62	40	35
134	8	74
22	34	20
82	26	96
74	8	37
50	39	111
98	42	92
26	40	93
62	35	125
98	39	102
63	41	106
117	18	28
28	25	49
12	23	100
29	42	91
79	17	0
122	6	40
14	1	92
16	26	96
99	23	24
87	42	108
134	18	87
87	39	105
21	42	87
92	40	134
21	25	70
89	42	74
13	29	87
37	34	77
4	6	50
32	1	40
50	42	40
39	2	134
106	40	121
116	25	46
39	31	32
24	25	30
28	1	110
28	37	102
105	1	98
57	27	48
63	41	113
102	25	110
0	1	57
7	42	0
32	23	15
125	25	1
101	29	102
44	23	117
10	25	128
19	27	7
93	8	40
124	19	101
29	37	40
102	42	92
37	42	29
7	34	122
29	29	40
92	42	7
21	24	26
47	42	110
113	28	114
133	27	71
37	27	122
98	39	9
50	40	22
57	23	132
105	1	91
40	25	105
32	23	10
50	39	119
98	39	111
97	25	1
92	42	73
54	1	87
54	26	96
48	6	92
40	40	48
20	40	81
47	42	37
98	1	3
105	33	74
78	21	0
87	42	29
105	39	29
88	31	34
105	8	37
14	39	6
37	1	119
62	35	1
15	18	59
39	31	105
50	39	3
53	23	83
113	28	66
55	40	43
41	38	29
116	30	60
24	23	117
124	26	96
74	18	102
79	31	91
18	20	13
130	44	29
39	17	0
40	1	77
97	4	7
94	23	15
86	42	105
89	39	92
20	27	7
124	29	28
79	2	43
29	39	53
107	8	98
20	27	92
102	40	51
102	1	100
108	42	7
101	30	102
29	7	7
32	25	128
79	1	102
39	31	22
32	23	117
75	25	128
92	8	40
7	34	18
37	42	7
92	42	37
37	42	59
85	38	50
64	25	128
52	19	34
88	31	99
79	4	86
97	4	37
122	26	16
14	42	89
34	41	100
43	23	134
78	29	87
4	1	40
4	25	46
39	4	0
12	23	77
71	18	28
102	25	49
37	29	50
67	8	105
121	6	92
3	27	48
107	1	91
78	19	102
87	1	14
65	1	98
48	6	29
92	33	51
51	20	125
113	45	35
94	23	127
103	27	61
7	26	96
86	39	40
27	27	57
45	34	6
14	39	28
48	1	86
47	26	16
85	6	7
101	26	96
59	42	91
24	6	50
52	29	110
43	6	0
62	45	41
102	1	14
111	23	18
37	34	11
79	31	24
62	40	118
46	26	96
124	29	105
105	39	12
107	1	40
37	1	100
15	1	92
50	39	89
42	4	86
64	18	55
36	25	46
131	27	28
65	4	92
104	23	67
129	9	102
93	18	27
50	33	40
107	44	0
111	23	53
14	1	89
91	39	86
64	1	14
79	2	127
0	1	77
10	25	30
40	8	86
78	4	29
44	23	107
98	37	102
47	42	102
88	31	67
134	25	30
67	6	92
77	20	125
27	40	67
114	5	97
107	17	105
17	23	117
67	18	45
20	34	132
58	27	28
57	23	83
84	26	96
110	39	91
62	40	41
38	26	16
22	15	131
10	18	98
88	26	96
28	42	74
10	18	28
104	1	102
110	39	3
24	6	40
43	23	10
130	1	29
99	1	102
19	27	102
5	25	90
4	1	102
67	18	102
9	23	77
89	39	40
67	1	86
119	23	68
105	1	68
25	26	16
113	40	41
75	25	32
59	33	129
113	35	13
58	5	89
10	1	102
53	20	125
64	8	28
39	3	64
128	6	74
39	3	43
7	42	50
45	27	40
122	25	100
59	25	49
14	39	111
55	26	96
14	1	28
116	30	102
14	1	11
41	6	92
4	25	30
110	37	28
93	8	86
35	25	46
98	42	37
92	26	96
63	41	2
87	1	57
51	40	41
34	41	11
20	27	40
107	1	87
10	38	92
103	25	36
42	4	40
62	40	76
78	21	7
119	25	9
92	42	50
52	4	50
105	33	106
107	1	86
107	6	86
81	23	48
22	43	45
105	29	110
110	1	119
28	33	129
60	4	0
39	1	87
45	27	105
52	4	0
105	40	22
89	42	28
29	42	7
2	45	41
59	1	119
86	1	40
8	34	100
21	27	7
39	31	72
130	8	50
28	1	102
41	6	50
52	29	89
105	39	122
29	33	62
20	11	21
19	25	46
40	29	59
50	39	98
110	39	87
111	25	100
29	1	57
98	42	87
86	42	110
75	1	29
102	42	47
50	1	89
81	23	10
79	2	81
94	1	92
39	2	127
15	1	110
86	37	50
39	3	107
110	39	132
81	26	16
64	8	102
11	26	16
7	33	62
117	1	98
15	8	14
27	27	87
15	8	92
107	25	31
94	6	29
114	25	36
52	29	59
69	42	47
106	35	82
14	42	102
117	23	64
52	19	102
4	6	74
10	18	55
73	42	87
102	42	74
44	25	32
7	29	102
26	9	23
40	39	28
89	39	50
71	21	105
65	26	96
105	42	69
17	23	15
31	1	40
88	31	93
86	7	105
123	40	33
0	42	47
17	1	92
8	34	9
75	6	86
110	1	28
115	19	13
106	20	13
31	6	40
132	20	125
87	39	59
100	25	46
26	26	96
131	34	100
79	1	14
78	30	24
71	1	28
110	42	102
50	1	40
7	34	77
79	3	87
64	6	92
114	5	61
130	1	110
102	39	86
77	25	100
0	25	8
124	19	34
130	8	98
87	39	91
127	1	105
67	6	86
95	26	16
111	23	83
131	27	29
22	26	96
130	8	40
70	25	46
48	18	89
92	42	29
66	27	65
42	25	49
44	23	30
110	39	57
50	39	77
89	40	15
132	26	16
103	5	42
98	1	6
107	1	102
28	39	14
29	39	133
86	1	110
3	23	9
98	1	34
87	40	22
133	25	109
43	23	17
50	37	86
79	31	48
107	23	67
86	29	87
0	1	53
134	18	45
117	8	28
105	42	98
64	8	14
132	25	100
93	1	28
4	23	81
110	39	50
44	1	87
98	1	122
112	4	37
28	39	100
44	1	110
81	23	127
7	34	111
0	1	132
50	42	37
59	1	102
59	1	12
45	27	59
124	29	74
71	23	72
71	1	92
86	39	77
87	40	134
71	1	87
103	5	97
87	1	132
92	1	89
40	1	132
105	1	133
71	1	105
19	25	70
86	33	112
91	42	108
117	22	35
89	1	101
68	23	11
34	41	83
78	42	79
92	42	102
29	39	59
79	26	16
13	4	16
117	8	0
29	39	57
28	1	6
29	1	68
7	33	51
67	1	102
55	25	8
122	23	12
120	31	71
1	26	16
59	39	122
14	42	28
27	1	110
39	2	32
17	6	86
47	42	69
26	27	87
54	1	50
59	1	122
29	7	37
99	23	104
83	25	9
44	1	105
73	4	63
0	1	102
97	4	50
40	1	110
50	1	87
20	34	57
71	6	74
84	6	105
50	39	105
2	45	84
79	1	110
124	29	29
21	9	55
93	8	0
10	8	37
0	25	109
124	7	52
105	39	59
107	1	59
89	42	108
10	23	48
7	1	9
85	6	74
131	43	27
95	25	126
105	40	117
113	45	33
86	39	102
89	40	71
54	6	40
7	1	11
50	25	14
71	25	128
127	23	134
40	1	59
105	42	110
15	18	28
78	30	31
45	26	16
94	6	86
105	40	15
104	6	29
89	1	110
86	8	37
90	26	96
111	23	122
64	1	91
90	42	87
54	6	105
117	8	29
37	42	28
17	1	98
28	1	119
27	27	92
102	1	87
93	8	7
6	23	68
51	40	33
71	6	92
37	7	7
42	25	97
41	26	16
131	40	43
71	21	40
78	30	93
112	26	16
18	23	119
40	1	57
95	41	58
20	40	127
120	31	105
92	4	50
94	1	98
98	39	132
91	39	59
131	27	40
17	1	86
105	33	113
102	1	111
37	29	87
54	1	110
79	31	34
39	31	91
28	39	59
26	25	8
93	25	30
134	18	20
93	18	45
37	42	102
72	1	92
78	7	52
10	23	67
39	31	86
24	1	50
40	8	74
30	1	29
97	32	96
94	6	0
84	25	46
37	42	92
131	25	46
117	1	59
53	25	46
87	40	48
27	34	77
117	8	89
32	6	37
44	1	40
128	22	35
32	6	105
86	29	98
54	26	16
3	23	57
86	1	28
102	39	89
124	19	40
43	23	48
75	23	117
87	42	40
134	18	59
134	23	117
26	27	122
78	30	71
7	29	105
34	30	102
127	6	0
23	42	87
33	25	46
37	1	122
89	7	59
15	8	0
59	39	83
98	26	96
88	31	15
79	3	72
106	26	16
41	6	105
40	4	86
78	19	86
30	6	86
38	4	40
92	33	40
113	44	106
41	6	29
124	17	92
43	6	86
58	34	83
34	41	57
102	37	59
71	26	96
79	3	81
85	25	84
7	34	119
92	33	62
41	6	40
114	27	42
89	39	59
123	5	88
99	6	86
20	34	18
71	8	105
74	8	92
77	26	16
134	8	40
34	41	18
87	1	89
122	6	50
74	33	112
14	39	87
40	42	7
30	25	46
0	42	91
89	1	133
107	25	128
7	1	18
117	25	30
101	41	111
110	1	59
69	42	14
47	42	92
2	45	118
34	41	68
45	27	102
124	19	86
34	41	122
59	40	134
98	42	28
124	19	98
112	40	33
31	23	117
58	27	86
101	41	133
92	1	86
104	26	16
28	1	57
14	39	91
0	29	14
64	25	109
99	1	86
105	26	16
98	42	105
89	42	102
92	1	68
44	26	96
10	26	16
79	1	86
38	4	86
39	31	102
130	44	40
107	6	92
105	25	49
104	6	74
29	25	14
92	1	40
105	42	29
24	6	0
117	8	37
77	23	11
32	23	4
7	42	59
28	39	98
86	7	7
32	6	50
106	35	13
27	27	7
57	23	18
28	7	89
78	26	96
86	25	105
40	1	83
78	30	104
32	23	30
7	42	130
130	45	121
58	27	59
132	23	119
39	2	75
115	19	82
14	42	59
131	9	23
10	44	86
55	27	98
105	39	18
125	1	87
102	39	53
53	25	100
91	42	89
79	4	29
40	42	79
15	26	96
28	42	105
55	25	46
94	26	16
80	26	96
85	26	16
52	4	105
89	26	16
89	39	18
0	42	14
77	26	96
74	42	89
124	19	59
50	1	68
113	40	85
14	42	7
115	19	61
86	37	105
4	1	110
104	1	110
101	14	34
54	1	29
32	23	72
2	35	73
14	39	100
4	23	107
110	39	119
38	4	7
24	1	59
86	39	6
78	21	105
12	27	93
22	22	35
43	23	15
55	40	94
98	42	110
113	40	76
86	42	28
31	23	64
95	42	87
14	1	91
0	1	122
105	1	29
113	45	85
87	1	102
98	39	3
14	39	89
88	32	130
92	42	110
31	1	29
54	6	7
86	42	29
92	14	50
78	29	86
39	2	31
105	25	91
105	39	87
5	26	96
0	42	28
92	37	40
55	34	57
105	33	62
58	25	55
124	4	37
78	19	40
73	29	87
102	37	89
40	39	119
86	4	92
130	45	54
78	19	101
40	25	49
68	20	13
107	8	0
37	8	0
31	1	89
73	4	112
28	42	37
74	18	59
67	6	40
53	26	96
105	42	108
130	26	96
79	31	127
93	25	46
79	31	89
86	39	132
89	42	47
45	27	14
92	37	105
28	39	105
28	37	89
67	25	30
73	4	113
60	4	105
29	40	134
59	42	108
29	42	92
131	34	133
59	39	6
31	23	48
113	35	120
115	26	96
2	35	130
14	39	18
64	18	26
44	1	29
39	45	107
7	1	77
30	1	105
25	25	126
59	26	16
0	42	29
84	25	109
127	23	17
54	1	92
78	30	117
58	27	14
116	30	95
61	4	86
117	18	45
64	8	29
71	4	133
107	23	15
74	42	110
64	6	0
43	25	109
40	40	67
10	23	117
48	8	40
4	23	134
29	39	119
85	25	46
26	27	37
127	1	91
105	8	0
8	27	133
86	40	131
7	33	2
87	42	74
28	1	77
29	4	101
115	19	39
71	8	98
92	1	29
113	45	76
86	42	40
28	26	96
122	23	68
116	30	89
133	23	132
105	1	18
112	25	36
79	31	93
21	27	0
18	20	73
120	31	91
127	6	92
124	29	86
58	13	22
114	40	118
28	40	117
60	4	40
34	30	110
113	23	51
130	45	107
45	34	3
79	17	7
76	26	96
82	32	130
86	42	0
30	1	40
29	42	130
82	25	49
110	26	96
105	1	89
21	13	131
68	25	9
20	40	24
105	25	14
64	8	110
93	8	87
79	31	81
92	42	13
25	25	36
21	27	89
19	9	55
7	42	89
105	7	37
41	44	105
48	8	105
79	31	40
14	39	77
44	6	37
17	23	48
79	3	91
106	23	62
105	29	50
79	31	43
24	1	98
87	42	91
2	35	13
10	18	20
61	4	74
86	33	62
87	42	37
92	33	2
91	1	110
108	42	98
37	34	57
131	34	77
37	1	59
27	34	133
41	38	92
71	18	27
92	1	119
58	27	89
40	7	7
31	23	15
4	23	117
0	34	12
86	42	39
13	1	87
50	26	96
39	3	127
80	25	46
105	42	13
30	22	35
29	42	74
14	1	86
20	34	12
92	39	6
3	23	12
127	6	105
81	23	67
55	34	132
79	2	44
10	1	105
86	29	40
40	26	96
7	34	133
55	34	3
24	1	28
92	1	98
15	1	14
45	34	9
48	18	110
39	3	94
75	1	14
71	8	0
74	42	105
97	25	49
67	18	27
88	31	28
67	1	105
65	4	50
110	1	132
116	9	130
94	6	105
105	42	59
123	26	16
0	25	46
66	27	61
18	23	68
110	42	0
31	1	59
122	23	11
57	27	117
118	26	16
110	1	18
78	30	28
75	25	109
71	22	35
78	19	29
28	1	98
125	4	101
79	3	28
67	8	102
105	1	92
29	1	9
79	17	92
0	1	89
21	27	27
59	1	100
21	27	130
79	4	40
87	25	49
24	23	72
91	39	87
100	26	16
31	23	134
29	39	9
106	35	42
54	6	74
48	6	86
45	34	77
120	31	40
67	8	87
113	36	96
98	42	29
101	42	91
34	30	87
6	20	13
20	27	19
51	35	39
103	40	76
59	40	48
86	39	98
29	7	50
84	6	7
20	40	48
22	12	94
81	6	86
102	39	50
27	40	93
59	26	96
51	26	16
93	1	87
121	6	29
92	37	50
20	40	15
98	39	133
37	42	87
86	1	87
110	37	89
44	23	72
107	1	89
85	44	124
91	39	98
111	27	67
130	44	7
108	42	37
3	23	77
58	34	53
37	34	53
27	13	22
88	31	71
40	8	92
92	42	28
98	42	40
64	1	110
50	39	18
2	35	97
42	4	74
31	1	86
22	6	86
55	40	22
7	29	50
105	1	11
15	1	28
40	7	92
12	6	29
52	4	86
9	25	46
92	39	3
29	1	83
52	19	40
134	8	87
15	8	105
104	1	50
102	1	53
93	8	37
74	42	59
120	4	50
40	14	50
20	27	74
98	39	53
88	31	32
25	25	90
58	27	29
118	1	66
65	1	102
52	29	7
67	18	89
94	23	24
72	6	105
88	31	129
0	1	98
29	33	113
13	29	86
6	23	83
0	34	100
92	39	9
10	1	86
14	1	83
6	25	132
43	6	40
29	42	73
8	34	83
78	30	87
40	39	133
112	20	13
28	42	14
10	18	27
15	26	16
128	6	7
102	39	28
59	42	37
37	34	111
86	39	91
29	1	105
86	42	91
40	7	37
0	26	16
102	42	37
88	1	87
92	1	11
102	42	40
50	1	100
106	20	73
71	18	131
10	23	72
8	34	11
48	18	102
92	39	11
51	20	73
89	39	83
87	39	29
17	26	16
122	25	109
21	27	37
58	25	8
50	4	101
117	18	98
67	18	55
122	27	48
51	23	106
91	39	102
122	23	132
64	1	86
22	6	92
105	29	98
73	4	86
92	39	98
106	45	76
40	1	133
75	25	30
57	23	6
21	27	40
94	6	7
39	31	94
78	25	52
112	40	35
74	4	101
69	42	92
8	34	132
50	1	122
92	39	14
65	1	40
94	25	128
58	40	104
119	26	96
58	34	133
99	1	110
113	36	16
43	23	75
105	8	7
125	26	96
41	6	86
121	26	16
15	18	87
133	23	68
37	26	16
107	38	105
27	40	134
11	25	100
2	26	96
75	1	92
86	1	59
26	27	110
111	23	132
0	1	28
131	27	7
76	25	46
124	19	29
123	27	42
134	6	105
52	29	0
127	6	29
61	25	49
6	25	109
50	40	48
40	1	86
110	1	98
57	6	29
42	4	29
127	25	109
15	25	109
99	26	96
123	27	97
134	6	0
58	40	117
134	26	96
124	25	52
79	3	24
50	14	92
29	1	3
130	1	86
54	1	102
48	8	28
133	26	16
87	42	73
50	40	67
20	26	16
87	39	86
133	27	48
86	7	37
37	1	89
98	1	132
105	39	133
102	39	110
89	1	92
31	1	91
98	1	91
29	40	71
50	39	83
10	18	131
127	25	46
87	42	110
93	8	98
29	1	6
94	23	117
98	39	122
57	6	86
51	35	82
79	31	15
89	42	0
93	22	35
7	1	110
39	31	127
40	37	50
87	1	105
40	37	29
103	27	88
106	25	36
105	8	86
98	39	6
86	42	73
120	31	31
104	23	48
39	1	102
75	23	64
0	1	59
40	42	92
105	39	100
128	6	37
108	42	50
37	1	83
27	40	24
50	29	87
71	25	109
58	34	9
77	23	100
117	1	40
120	31	15
73	4	50
102	39	11
89	42	59
69	42	40
98	39	12
130	4	37
55	40	134
29	39	132
100	26	96
24	23	93
29	7	0
112	4	92
66	5	130
50	29	40
91	1	105
40	29	28
125	4	2
52	4	29
108	42	29
34	42	98
105	39	28
87	1	28
72	25	109
27	27	86
102	40	22
48	8	86
78	21	59
44	1	14
30	25	109
98	37	28
9	20	13
29	33	51
50	1	119
52	19	87
0	8	37
89	39	29
27	40	99
91	1	50
48	26	96
101	41	53
53	23	68
14	42	74
17	1	105
107	44	29
87	1	98
102	39	18
133	6	50
105	29	87
61	4	7
87	42	89
78	29	7
35	26	96
71	1	59
104	6	92
20	40	67
89	37	110
89	42	87
59	42	87
40	33	51
107	44	7
92	40	71
40	33	2
87	39	53
89	39	100
86	42	89
103	5	88
64	25	30
134	18	102
106	40	35
59	39	68
42	4	92
29	42	105
71	1	110
118	1	62
39	4	86
28	1	18
110	26	16
37	34	119
104	23	75
2	45	85
89	39	132
78	29	37
75	1	98
8	34	12
103	5	79
101	41	18
67	8	89
40	39	53
96	25	46
28	42	86
50	1	132
120	31	22
93	8	14
0	42	7
110	1	12
89	25	14
67	6	74
119	25	46
98	42	47
79	2	99
51	45	84
85	25	109
7	34	68
54	1	89
42	4	7
43	25	30
40	39	29
42	4	50
104	6	7
10	44	7
79	31	129
66	27	79
71	18	102
102	39	92
23	9	55
75	23	10
88	31	105
64	18	20
28	1	89
86	29	74
87	33	129
133	23	77
87	1	100
10	8	59
78	30	15
59	42	14
102	37	28
14	42	110
106	35	79
50	8	7
94	6	92
89	26	96
34	42	28
31	1	102
50	29	28
84	6	50
9	23	119
71	6	7
134	1	105
105	25	108
87	39	110
79	31	134
48	6	7
92	39	105
74	8	7
40	39	92
29	40	93
79	2	30
110	25	49
7	42	92
120	31	50
127	23	93
102	1	12
86	39	92
48	6	40
102	37	98
43	1	92
10	23	134
122	25	46
59	37	98
18	26	16
107	17	40
102	39	105
12	23	9
73	4	2
64	23	30
116	30	98
39	45	35
112	23	51
51	45	121
34	41	3
41	25	109
113	20	125
120	31	94
27	40	15
22	6	74
94	1	14
55	27	28
98	1	92
64	1	28
81	23	93
106	40	33
102	42	50
92	39	133
62	26	96
54	1	86
86	39	28
102	39	29
51	40	76
86	40	117
98	42	7
87	39	89
92	7	50
81	1	29
39	4	50
120	31	81
48	1	98
16	25	96
40	1	6
71	18	98
48	8	74
32	6	40
37	42	0
7	42	47
58	40	4
7	25	109
113	25	36
79	1	50
89	39	86
15	6	29
105	29	102
113	35	125
75	1	86
22	25	109
54	1	28
40	29	50
34	29	102
87	39	11
104	25	46
105	42	73
14	42	29
29	29	92
45	34	83
62	35	79
42	4	0
91	39	92
28	1	11
94	23	104
40	42	65
43	1	98
72	25	128
58	1	59
106	45	84
35	6	105
102	37	110
117	18	55
122	6	105
43	22	35
117	1	91
58	34	26
65	4	40
26	27	28
40	1	100
37	29	92
39	1	98
24	1	110
110	1	9
54	22	35
62	40	85
78	30	22
83	25	132
10	1	89
121	26	96
32	23	127
131	34	11
42	32	16
74	33	62
97	4	105
52	19	14
17	1	40
41	38	74
71	6	105
50	39	92
14	40	71
67	8	29
101	41	12
87	39	6
37	1	12
28	42	29
107	18	26
66	5	97
47	42	14
38	4	29
89	1	59
27	27	29
110	40	93
89	33	129
57	27	71
91	1	87
112	40	76
87	39	40
112	45	84
117	18	110
10	6	86
111	23	133
21	27	86
58	27	37
92	39	53
39	45	84
21	27	105
72	26	16
124	29	102
106	45	118
24	6	92
66	5	61
117	8	87
75	1	89
67	23	64
105	29	89
66	40	33
98	1	87
89	39	122
15	18	110
87	1	111
125	4	51
102	42	14
102	1	98
134	18	26
78	26	16
108	25	49
56	26	96
106	25	46
59	1	3
15	23	71
50	33	74
112	45	35
52	29	87
78	29	74
48	23	117
79	3	102
87	26	16
4	25	109
37	1	132
22	12	43
65	32	16
86	1	122
9	23	132
79	31	32
86	1	53
75	23	71
81	23	117
79	17	74
75	6	40
87	39	100
40	33	113
59	25	91
98	42	86
19	9	23
61	26	16
84	6	37
50	7	105
7	27	57
40	37	105
99	23	107
117	26	16
72	1	29
69	42	98
55	27	59
134	23	71
10	6	74
94	25	109
28	39	91
88	31	59
39	31	67
43	23	71
2	35	39
79	4	37
39	3	15
105	4	34
55	40	15
79	2	117
24	23	81
66	27	42
71	1	102
106	35	130
4	6	86
99	23	64
92	29	40
133	25	46
93	18	87
40	39	9
35	26	16
28	37	59
37	1	6
78	19	105
28	39	133
10	6	92
81	23	71
48	1	102
7	29	92
39	25	97
27	1	98
117	8	98
117	1	50
45	27	89
3	27	15
93	18	102
58	34	100
27	34	9
98	25	108
92	29	28
86	25	49
103	5	61
30	1	50
50	42	91
65	4	37
93	6	74
62	35	130
131	27	98
27	40	48
131	43	22
17	6	74
12	6	40
40	1	11
30	6	92
40	29	98
87	7	110
28	42	92
21	25	36
29	39	14
85	44	29
98	39	59
7	8	0
99	1	59
40	29	86
131	40	134
77	23	83
39	2	71
78	30	43
86	1	3
10	17	92
67	18	110
64	18	59
102	39	132
92	29	110
125	4	62
20	27	39
106	40	84
45	25	46
29	8	0
50	39	87
22	6	7
112	4	29
110	39	68
0	4	34
105	42	28
92	42	74
87	42	125
79	3	32
92	29	89
85	38	29
59	42	50
7	1	59
58	27	105
110	39	122
126	25	46
105	39	68
122	6	92
40	39	111
99	26	16
26	27	0
71	21	50
130	44	92
39	31	14
79	31	102
132	26	96
134	8	28
131	43	26
58	40	71
32	23	67
86	29	29
115	19	79
32	25	30
50	39	122
50	14	86
72	6	40
127	1	110
105	39	92
131	34	122
113	17	105
55	34	122
92	39	83
2	35	65
52	25	46
15	6	105
24	26	96
102	1	29
37	29	28
124	17	29
72	25	30
37	25	8
26	34	11
10	8	29
28	1	87
31	25	30
113	17	40
29	29	102
93	1	14
113	20	13
4	6	7
71	23	30
92	25	108
69	26	96
97	26	16
105	14	29
50	1	3
22	6	29
29	42	28
89	42	92
93	18	28
57	26	16
64	18	102
78	21	40
29	33	112
40	42	28
50	42	73
31	6	105
20	34	133
45	13	22
7	34	11
29	29	105
13	4	101
19	27	89
20	27	21
10	6	37
77	23	132
65	1	28
134	25	109
14	1	105
32	6	7
131	40	71
112	45	41
40	8	50
132	20	13
107	8	86
75	6	105
48	1	105
89	1	34
55	40	71
81	1	91
50	1	102
57	23	68
14	42	91
64	1	98
22	6	37
28	42	108
21	13	22
94	23	31
71	18	110
20	34	11
102	1	6
75	26	16
86	42	125
74	18	55
7	8	37
15	1	50
50	1	98
106	35	65
52	19	28
7	42	14
110	40	22
32	23	44
28	39	132
27	27	110
110	42	86
48	4	133
39	31	75
79	3	127
24	23	67
124	17	105
88	31	64
39	2	17
15	22	35
67	6	50
50	7	74
50	42	108
20	40	71
124	29	92
87	39	119
87	7	89
75	1	91
14	39	11
123	5	39
35	25	109
0	29	92
132	23	53
59	40	27
63	25	46
34	25	101
134	22	35
118	1	123
92	8	74
71	26	16
58	27	122
74	26	16
20	40	94
111	26	16
118	1	51
40	39	6
75	23	134
58	34	77
86	37	92
74	8	105
91	42	14
17	1	50
105	42	74
28	1	100
29	33	106
15	8	37
2	40	85
32	1	28
59	25	14
113	45	121
130	8	92
81	1	102
14	39	57
130	45	85
105	40	134
15	25	46
10	23	64
104	1	28
7	1	100
92	1	59
106	20	125
67	8	98
130	25	97
91	42	102
39	31	50
39	31	92
23	26	16
89	37	59
62	35	38
130	4	7
134	8	86
0	29	50
127	1	59
22	25	128
99	1	29
65	25	49
64	6	86
102	40	2
7	1	53
7	34	53
26	27	133
131	27	0
51	35	125
23	25	36
120	31	99
21	27	29
40	39	132
28	37	98
130	1	92
69	42	0
89	39	133
47	42	89
62	35	97
78	4	105
92	42	105
69	42	28
124	4	40
120	31	116
50	39	9
0	34	132
40	40	117
89	39	91
87	40	117
99	22	35
86	42	74
102	39	57
88	31	48
47	42	29
110	42	28
28	39	18
18	25	109
15	1	59
26	27	102
34	42	92
102	40	93
107	6	0
37	34	3
37	29	102
14	1	119
34	42	86
107	8	28
75	6	50
101	42	87
102	42	91
50	1	9
134	23	72
102	42	7
78	21	110
85	26	96
105	14	40
20	27	12
53	20	13
92	4	34
78	30	72
39	2	10
21	27	102
130	1	102
110	40	67
72	1	102
28	26	16
24	6	7
87	25	91
66	27	97
29	40	48
29	8	40
39	1	89
122	23	119
105	1	40
87	42	105
10	18	59
81	1	92
50	42	74
28	39	83
131	27	74
88	26	16
81	1	89
3	27	117
51	35	97
114	25	103
50	26	16
123	5	130
67	18	58
134	8	98
122	23	100
13	25	1
134	18	27
40	26	16
74	18	45
26	13	22
129	26	16
17	23	72
123	5	120
20	0	131
88	31	94
89	1	98
89	1	50
52	19	92
127	23	64
29	39	98
98	39	77
114	26	96
131	40	4
40	39	57
110	1	40
39	2	81
39	1	28
74	42	40
10	8	40
124	19	87
64	6	29
67	8	40
64	25	46
79	17	105
107	8	110
88	32	16
130	8	89
29	42	39
79	25	97
107	18	98
48	25	109
20	34	68
48	26	16
59	1	28
86	1	133
121	25	84
50	42	7
22	12	99
102	39	98
57	6	50
67	6	105
92	4	101
48	23	71
67	18	98
93	8	105
59	42	74
89	1	18
0	42	102
98	25	49
14	39	92
127	23	71
113	26	16
0	42	86
117	6	37
107	8	87
30	6	37
116	30	126
34	42	74
88	4	40
101	41	132
117	18	131
9	23	6
123	40	118
110	42	74
120	4	74
10	8	14
134	26	16
107	8	102
75	1	102
134	18	110
0	34	77
92	39	87
39	3	30
48	25	31
127	1	14
131	40	24
48	23	72
91	42	87
71	18	58
107	18	131
119	23	11
19	26	16
40	33	112
134	1	86
15	1	102
92	1	53
78	19	98
28	39	53
56	25	70
29	14	86
37	1	28
131	34	6
110	39	86
122	6	29
7	33	106
79	3	99
86	8	50
40	10	50
60	4	50
20	11	131
64	18	89
108	42	110
124	29	40
34	41	6
14	42	47
0	27	57
104	6	50
115	19	120
123	5	65
4	1	29
59	42	105
41	25	85
102	26	16
0	29	86
17	1	102
134	6	50
104	25	32
111	27	134
40	1	122
78	30	59
50	39	110
73	1	13
44	23	93
85	38	40
51	35	1
134	23	64
105	42	91
131	27	105
105	39	14
0	27	29
118	1	113
29	4	105
7	42	37
17	25	46
40	25	91
101	30	98
101	42	14
44	23	71
19	27	37
39	1	14
51	25	46
67	25	46
24	1	86
40	4	50
59	39	40
74	18	20
57	27	67
105	29	74
28	1	101
72	1	86
37	29	89
23	25	70
14	40	93
7	1	57
50	39	86
24	25	109
107	1	110
5	25	36
110	42	7
98	39	50
127	23	44
116	26	96
79	4	74
88	4	86
134	1	29
78	30	75
107	18	59
110	1	34
79	3	104
93	18	59
50	1	77
0	29	40
60	4	92
21	25	46
91	42	59
14	26	96
124	17	74
133	27	93
14	40	67
120	4	29
118	26	96
15	23	30
50	42	29
120	31	44
101	42	86
12	27	71
20	13	22
99	6	74
92	29	74
131	34	3
79	3	86
3	23	119
78	21	14
79	3	105
32	6	29
45	27	87
75	1	40
102	1	86
85	6	92
92	39	91
107	23	10
44	1	59
120	31	24
133	23	119
37	27	86
72	1	14
99	25	32
7	29	86
20	25	46
122	23	9
111	27	117
2	25	46
39	3	99
91	1	86
75	1	50
24	23	15
130	44	50
88	31	30
92	1	133
102	39	87
55	34	68
17	6	37
104	1	92
40	42	59
58	34	122
96	25	36
0	42	73
7	27	50
127	1	89
134	8	0
88	31	14
28	1	9
86	39	50
114	27	120
6	26	16
74	42	87
59	39	87
85	44	40
108	42	89
7	29	59
79	2	72
59	1	57
64	8	59
58	27	40
21	27	39
88	32	96
65	25	1
115	25	36
110	39	28
59	39	9
102	7	59
27	1	28
83	25	100
58	40	43
105	1	83
110	39	9
50	29	29
45	34	119
132	23	18
92	40	22
21	27	50
98	1	29
104	25	128
107	8	40
79	1	89
120	31	134
79	3	71
14	39	86
37	1	110
47	42	98
124	29	89
29	8	105
4	1	50
7	27	105
98	39	89
59	1	18
71	8	89
73	4	105
44	1	92
78	30	4
10	1	40
105	39	132
29	42	13
77	23	18
7	1	12
27	34	111
79	3	134
131	34	132
34	30	28
71	18	55
14	39	59
97	4	74
10	44	40
101	25	46
87	1	83
88	4	105
122	23	6
73	4	29
117	25	109
22	12	4
13	26	96
119	25	109
108	42	28
14	1	18
87	1	40
27	1	87
32	1	86
29	1	50
39	3	93
90	25	46
86	40	15
129	25	70
88	25	120
98	1	9
112	45	33
32	23	43
59	39	3
92	39	28
0	42	87
133	6	29
117	8	14
35	6	92
123	26	96
37	34	122
37	42	105
84	6	0
130	1	50
88	31	87
105	1	57
133	23	122
99	25	109
102	39	12
29	29	87
59	42	110
59	42	92
7	4	34
57	23	11
120	31	67
20	27	102
89	40	48
14	1	50
55	25	109
36	26	16
98	37	89
41	44	29
61	4	37
15	6	0
81	6	74
104	1	105
55	40	67
79	31	64
40	42	105
59	39	102
101	42	108
129	42	87
58	40	67
112	4	86
81	1	28
129	25	36
43	6	50
7	1	83
117	18	58
40	42	50
17	23	64
104	23	43
59	40	71
67	1	91
39	2	99
40	42	89
71	1	29
10	44	105
29	4	34
78	19	14
39	31	87
59	1	83
58	1	89
101	29	110
15	1	91
39	31	98
91	42	28
110	39	102
29	39	6
86	8	92
19	27	39
20	27	105
113	35	97
98	39	91
92	40	93
86	7	92
117	1	102
3	27	134
48	8	14
26	27	92
52	26	16
131	27	21
58	26	16
59	37	28
0	42	105
20	27	133
99	6	0
81	6	105
39	31	101
120	31	28
85	44	92
21	13	20
43	6	74
64	1	50
105	1	111
26	27	74
83	26	16
40	42	73
86	39	59
101	41	11
28	39	3
78	30	81
9	23	11
104	6	37
79	31	94
125	25	13
39	31	59
117	8	50
26	40	15
29	8	74
13	1	125
44	25	109
3	25	111
78	29	14
7	34	3
91	39	40
126	26	96
19	27	98
0	29	89
98	1	111
37	33	51
51	35	65
12	25	109
44	25	128
93	26	96
92	29	29
48	6	74
133	23	9
27	34	53
48	1	92
104	1	91
102	42	29
50	1	57
120	31	29
125	25	49
113	35	1
57	27	93
108	26	96
81	25	99
29	42	98
3	23	6
103	5	130
45	16	131
17	23	67
37	42	79
91	42	0
0	42	98
37	27	92
129	9	98
117	6	40
29	39	83
108	42	69
79	31	67
40	8	7
26	40	43
64	8	105
0	34	18
39	3	4
48	1	50
134	8	105
6	23	18
45	27	98
79	31	31
50	29	102
131	27	86
98	39	18
9	25	109
19	27	87
74	33	2
99	23	44
110	42	89
4	25	99
102	39	59
105	42	79
20	27	130
128	25	46
47	42	59
41	44	92
28	39	122
51	45	41
28	39	68
85	38	86
78	19	50
54	6	86
27	34	6
47	42	7
4	23	71
50	42	86
93	4	133
29	42	69
7	25	8
37	34	132
113	23	62
125	42	87
74	25	49
40	4	101
64	1	102
102	1	83
14	39	119
92	1	14
58	40	93
108	42	14
31	23	67
5	26	16
91	1	102
35	6	40
103	40	118
78	21	102
37	33	62
43	6	7
28	42	47
98	33	129
12	6	86
89	1	29
2	45	76
63	26	96
54	25	109
102	1	119
86	29	92
17	6	105
56	42	87
124	29	110
13	4	106
48	18	87
87	14	102
17	1	28
87	25	108
39	17	50
43	23	64
62	35	39
125	1	13
7	1	122
91	42	47
104	1	86
88	25	97
19	0	20
92	39	132
110	1	77
26	40	48
93	1	59
37	33	106
39	31	93
130	45	10
39	31	29
17	6	40
11	25	46
10	17	105
88	31	110
124	19	92
28	1	53
107	18	45
88	4	92
107	6	40
41	44	50
40	4	105
92	42	89
107	23	134
37	29	110
59	40	117
72	1	40
92	1	28
78	30	10
75	1	59
89	1	12
74	42	102
72	1	89
102	42	59
40	39	87
120	31	48
39	31	116
57	26	96
105	7	0
37	25	109
115	19	130
116	25	70
7	1	28
55	27	7
71	6	86
59	1	11
28	39	77
66	27	39
8	34	53
102	9	129
48	25	30
40	39	77
24	1	14
57	25	100
28	1	12
47	42	91
40	33	62
29	42	65
7	42	40
4	23	127
29	1	111
114	25	46
85	44	37
134	1	102
92	39	57
120	31	93
50	8	105
105	1	119
50	1	133
89	1	57
124	19	105
37	1	77
92	42	40
129	25	46
58	40	99
58	25	109
131	27	37
112	35	39
28	42	0
34	42	29
124	29	7
61	25	1
107	18	27
89	25	110
15	25	31
119	26	16
99	23	81
110	42	59
98	1	50
106	45	41
75	25	46
102	39	91
40	39	100
14	1	9
123	27	39
98	25	14
86	40	22
86	8	29
79	31	4
13	25	49
67	8	37
65	1	50
57	27	134
99	1	105
27	25	8
62	35	65
79	2	71
92	42	130
13	4	63
88	31	72
29	25	91
0	4	101
12	6	50
124	4	29
99	23	48
43	6	37
29	1	87
26	25	109
107	8	92
104	1	40
29	39	100
72	1	105
98	1	14
45	27	12
112	35	65
27	40	81
93	8	50
104	6	40
39	1	106
40	39	11
86	8	0
14	40	15
86	42	59
79	4	92
119	20	73
39	32	96
134	1	40
0	34	53
67	18	59
14	40	22
110	39	18
72	25	31
75	26	96
26	27	59
75	1	87
37	1	18
24	25	99
92	42	79
31	6	37
15	23	64
24	25	128
86	7	29
94	1	59
117	8	74
131	34	18
7	1	133
101	30	59
102	1	59
93	18	89
59	1	105
65	1	59
18	25	46
58	34	3
69	26	16
24	1	40
79	1	40
20	27	37
59	42	29
124	17	37
94	25	30
26	34	6
78	30	94
110	25	108
71	1	89
110	1	3
58	1	28
63	41	62
40	25	14
29	1	77
83	26	96
58	5	59
105	40	93
29	1	89
107	26	96
104	23	10
32	1	110
92	39	100
117	25	31
22	6	105
107	23	48
41	25	84
131	34	57
133	23	83
50	37	105
48	25	128
14	40	48
3	26	96
40	4	34
2	35	79
9	23	18
115	19	125
101	42	29
120	45	121
102	40	71
50	1	86
78	42	39
73	4	51
78	30	127
83	20	125
61	4	29
87	25	14
81	6	40
92	1	18
0	27	86
92	40	48
93	25	128
59	37	89
94	1	105
87	39	14
104	23	30
115	19	88
87	39	83
114	5	130
112	4	105
79	1	29
101	41	6
87	1	91
59	25	108
118	1	114
110	39	105
60	42	87
25	25	46
113	40	84
74	42	29
89	39	68
29	1	86
42	26	16
13	4	96
105	42	87
113	17	92
50	29	74
98	33	102
43	1	14
60	26	96
44	23	17
127	1	102
79	1	28
120	26	16
32	23	94
45	25	8
39	31	110
8	34	18
14	39	98
37	42	14
51	23	2
72	25	46
21	25	126
86	1	102
99	23	4
131	40	81
40	1	111
67	8	92
57	6	92
117	1	29
65	1	14
4	6	37
79	3	67
37	1	68
108	42	59
62	35	61
105	1	53
112	35	1
27	34	83
134	18	55
120	31	34
54	6	37
110	39	83
26	25	55
53	25	109
28	39	29
75	22	35
51	35	42
41	44	7
93	23	64
48	8	29
115	19	42
7	42	91
75	23	107
39	17	105
103	26	16
29	42	50
86	29	102
110	1	53
120	32	96
0	42	37
107	23	117
122	23	18
76	26	16
50	1	92
98	40	71
91	39	105
105	40	67
112	4	0
104	6	0
79	3	30
89	39	111
110	39	12
107	8	59
43	23	31
29	37	105
28	39	40
88	4	50
114	40	76
107	18	87
134	8	89
112	35	130
27	34	119
25	26	96
93	23	71
102	1	133
78	29	92
4	1	59
67	8	74
102	1	57
10	8	74
124	29	0
2	25	36
101	42	105
86	42	79
93	25	109
29	42	108
89	40	22
110	1	105
124	4	86
86	14	50
28	40	15
101	41	3
59	39	133
28	39	11
110	42	105
37	42	98
3	23	11
125	4	34
101	42	98
37	27	50
15	6	37
107	1	28
37	33	113
39	31	34
55	40	104
39	31	81
52	26	96
41	13	35
85	6	50
66	26	96
79	4	0
40	39	122
8	34	133
48	22	35
75	6	74
91	39	29
67	6	7
81	23	44
55	27	87
7	33	112
113	35	42
94	1	102
50	33	92
99	1	89
27	27	133
92	39	119
104	23	17
79	17	37
26	40	94
108	42	91
64	18	110
50	39	59
32	25	46
63	26	16
43	25	32
71	21	29
14	1	6
74	42	0
64	8	0
86	42	50
14	1	57
41	26	96
98	1	11
110	1	86
102	1	101
17	25	109
130	8	102
66	5	39
88	31	24
79	1	105
79	31	14
92	4	105
4	23	64
55	27	92
86	25	40
87	1	133
48	6	50
78	4	0
10	18	45
89	39	105
64	1	87
30	25	128
52	19	29
98	39	105
130	44	0
7	33	113
120	4	37
10	8	89
14	42	87
38	4	37
127	1	98
22	12	24
3	23	100
127	25	30
59	1	77
30	6	105
124	25	36
74	33	51
50	7	37
4	6	105
102	7	98
12	23	18
48	8	37
31	23	72
127	23	72
13	4	34
102	1	92
10	38	29
7	42	69
79	4	50
28	40	71
107	44	105
0	1	3
105	37	50
67	6	37
45	34	122
7	27	92
110	42	47
113	35	73
86	39	68
66	5	42
120	4	40
44	6	40
110	39	11
34	30	59
107	17	92
58	34	12
128	26	16
78	21	28
87	7	28
40	39	89
86	14	92
55	40	99
4	26	96
89	39	87
60	4	86
12	6	92
89	1	14
50	1	53
13	4	113
134	1	28
17	25	31
94	22	35
20	43	131
7	42	110
102	42	28
29	42	37
99	1	40
72	1	87
7	34	57
19	42	87
108	42	74
65	4	29
120	4	0
78	21	86
52	29	105
128	6	0
28	39	50
10	6	50
10	1	50
124	4	74
98	37	59
72	26	96
88	31	40
26	34	83
4	1	28
40	7	29
52	19	86
94	6	50
93	1	98
7	27	40
7	1	6
28	1	29
117	26	96
59	39	100
94	1	91
26	40	99
78	29	59
107	6	7
59	1	101
20	34	100
95	25	70
129	26	96
110	40	71
10	8	102
57	23	133
81	23	64
37	27	105
117	23	30
123	25	36
83	23	68
38	25	49
57	27	15
60	25	46
37	1	3
118	1	112
112	4	40
130	44	74
107	23	30
126	25	70
105	29	28
22	6	40
20	34	122
131	34	68
104	25	109
54	25	128
85	6	0
89	40	134
46	26	16
3	23	53
91	42	86
29	39	77
59	25	110
92	1	111
92	39	111
104	23	71
107	1	98
27	40	127
91	42	110
39	45	121
131	40	127
98	1	86
44	23	15
39	31	99
15	25	128
88	31	75
105	42	92
50	40	93
13	26	16
98	39	11
14	1	122
20	34	3
20	27	29
101	30	28
7	4	101
70	26	16
28	1	105
63	41	112
34	26	96
105	39	9
105	42	86
30	1	87
92	1	57
7	42	108
98	1	53
67	8	50
116	30	21
102	39	111
40	4	92
50	42	59
0	1	111
113	17	86
71	25	30
24	26	16
82	32	39
102	42	69
87	37	89
10	18	110
58	40	48
47	42	105
130	8	29
130	4	74
4	23	67
120	25	49
39	3	67
20	12	22
24	23	48
14	42	108
59	1	98
117	1	86
87	1	13
29	39	89
88	25	49
20	34	111
55	27	0
0	27	12
22	26	16
117	6	29
55	40	127
50	39	68
29	14	105
88	31	101
110	39	14
91	42	74
40	4	29
87	1	50
121	6	74
29	1	91
110	39	133
107	44	50
14	39	102
50	42	28
2	35	1
131	34	111
92	42	69
102	40	48
11	25	109
101	41	57
75	23	15
37	1	53
27	27	122
39	31	64
54	6	0
71	1	50
72	1	98
98	37	110
67	1	40
112	4	7
89	39	102
62	45	84
50	39	102
31	23	107
81	6	50
2	40	41
19	26	96
83	23	100
84	26	16
74	8	0
59	39	12
14	1	87
125	4	16
39	2	67
40	42	39
47	42	87
107	18	58
69	42	102
62	45	121
134	1	59
86	42	69
29	40	67
112	20	125
91	1	14
78	19	28
18	23	100
50	33	112
10	25	31
104	23	117
91	39	110
64	6	7
55	34	53
39	2	94
41	6	0
99	6	40
103	5	65
79	1	59
34	42	14
37	1	98
39	31	104
0	27	133
89	1	68
71	6	50
105	1	122
107	17	86
43	1	110
101	41	77
29	42	14
12	23	6
79	2	94
27	34	57
119	23	83
125	29	87
87	37	59
90	25	36
3	23	122
55	34	133
78	21	29
7	1	98
124	29	87
92	29	86
79	31	30
50	1	59
59	1	89
102	42	89
97	32	16
24	1	91
87	1	119
127	23	10
98	1	119
34	29	28
117	18	87
37	29	59
93	1	89
29	8	86
24	1	102
29	40	117
110	39	89
37	27	133
117	18	27
117	18	59
32	1	102
52	29	29
50	14	40
79	2	75
71	18	59
102	1	68
107	38	86
88	31	81
71	25	15
86	42	87
30	26	96
7	42	98
62	35	88
124	19	28
24	23	127
31	23	10
40	33	74
134	6	92
65	1	110
105	8	40
26	27	89
37	29	29
86	42	108
101	29	89
131	34	12
105	39	50
41	38	50
125	26	16
105	39	3
79	2	15
56	26	16
7	29	28
14	39	12
32	26	16
102	1	105
98	42	108
73	4	74
79	31	44
44	6	7
48	18	26
94	23	134
105	8	50
78	29	40
72	6	0
28	40	22
17	26	96
69	42	29
120	31	43
52	4	92
121	6	86
39	31	31
52	19	101
102	37	87
79	31	75
58	27	0
89	25	91
24	6	86
67	25	31
35	6	50
8	26	96
120	31	75
86	39	89
41	38	105
78	30	17
15	1	98
28	39	86
78	4	74
7	1	3
40	29	102
116	42	87
110	42	29
87	7	98
68	26	96
94	25	99
86	29	50
86	25	108
89	39	12
64	8	86
74	42	37
87	1	122
37	1	133
29	29	98
51	35	88
104	23	81
64	8	98
93	23	72
130	8	14
3	23	18
86	29	89
132	23	83
24	22	35
87	25	110
67	8	59
10	25	109
110	39	100
79	3	93
99	23	134
88	4	29
34	29	87
24	6	105
75	23	72
110	1	100
27	25	109
67	25	128
92	14	105
120	31	98
15	18	131
98	1	83
77	6	29
27	40	71
93	23	48
107	23	17
59	1	50
26	40	22
134	23	30
14	39	9
66	5	65
112	35	42
22	12	127
40	29	29
102	26	96
79	3	29
131	27	57
50	39	14
29	1	119
92	1	12
104	23	134
107	18	110
15	1	40
130	4	50
59	39	86
55	34	9
89	42	110
43	25	128
29	40	15
4	6	40
91	39	50
108	42	92
78	19	110
24	23	44
85	38	92
73	26	96
45	27	28
40	39	83
0	1	12
10	44	92
34	29	110
78	30	134
74	18	58
89	42	86
78	19	89
81	6	92
124	17	0
26	27	86
40	39	50
86	33	40
66	27	120
105	33	40
2	45	33
12	23	68
121	6	0
81	23	17
123	27	88
115	26	16
15	8	110
88	31	98
29	1	133
87	42	28
37	34	68
39	37	130
27	34	3
87	40	2
29	39	111
