Mean Rank: 19, 7
Mean RR: 0.1655, 0.4838
Hit@1: 0.0499, 0.3101
Hit@3: 0.1407, 0.5885
Hit@5: 0.2383, 0.7095
Hit@10: 0.4539, 0.8215
0.697461724281311
0.6978755593299866
0.6972333788871765
0.6963217258453369
0.6954916715621948
0.6944316029548645
0.6934133172035217
0.6910644173622131
0.686901330947876
0.6797133684158325
0.6677974462509155
0.6554679274559021
0.6425545811653137
0.6301442384719849
0.620653510093689
0.6003220081329346
0.6031743288040161
0.5935312509536743
0.5938124060630798
0.6008227467536926
0.5775973796844482
0.5781704187393188
0.5829599499702454
0.5817185640335083
0.5790687203407288
0.575823962688446
0.5887213945388794
0.5709010362625122
0.5723628401756287
0.5734838247299194
0.561204195022583
0.5820573568344116
0.5847066640853882
0.5775431394577026
0.5783265829086304
0.572208046913147
0.5517734885215759
0.5593951344490051
0.568345844745636
0.5524260401725769
0.5539252161979675
0.5665866732597351
0.5727701783180237
0.5579691529273987
0.5581783652305603
0.5483401417732239
0.5739935040473938
0.579882025718689
0.5601089596748352
0.5577579736709595
0.5734471082687378
0.5788092613220215
0.5646839141845703
0.5651050806045532
0.5630772113800049
0.5543861389160156
0.5638427734375
0.5714859366416931
0.5699350833892822
0.566695511341095
0.5582406520843506
0.5628300905227661
0.5560508966445923
0.5517547130584717
0.5610366463661194
0.5533304214477539
0.5509077310562134
0.559106171131134
0.5556930303573608
0.5532199144363403
0.5501027703285217
0.5415871143341064
0.5484134554862976
0.5548381805419922
0.5444729328155518
0.5592870116233826
0.5279101133346558
0.535972535610199
0.5397835969924927
0.5408286452293396
0.5432894825935364
0.5329979658126831
0.5186926126480103
0.5458195805549622
0.5298715829849243
0.5179670453071594
0.5371879935264587
0.528992235660553
0.5369082093238831
0.5166603326797485
0.5110951066017151
0.5220668315887451
0.5154089331626892
0.5176920890808105
0.5063408613204956
0.5097306966781616
0.5194445252418518
0.5202150940895081
0.5056433081626892
0.5118970274925232
0.5155611038208008
0.49841800332069397
0.4954929053783417
0.49885642528533936
0.5025269985198975
0.5010738372802734
0.5014889240264893
0.49425238370895386
0.512532651424408
0.4961344301700592
0.5029345750808716
0.49206775426864624
0.49301913380622864
0.47043025493621826
0.4953400790691376
0.5063856244087219
0.47734418511390686
0.47936683893203735
0.4897642135620117
0.49169114232063293
0.48677539825439453
0.47631406784057617
0.48226213455200195
0.48439058661460876
0.4873100221157074
0.4735720455646515
0.48173272609710693
0.47685837745666504
0.4709250330924988
0.4898833632469177
0.4593382179737091
0.470355361700058
0.46185359358787537
0.4857388138771057
0.4803522229194641
0.46913444995880127
0.4905364215373993
0.46861833333969116
0.49886181950569153
0.48393288254737854
0.4707503616809845
0.4685174524784088
0.4829895794391632
0.4525386691093445
0.48995622992515564
0.47816041111946106
0.46927258372306824
0.4732227325439453
0.48735031485557556
0.47710680961608887
0.4765404462814331
0.4704827666282654
0.4770793914794922
0.47050026059150696
0.484942764043808
0.46615493297576904
0.47831636667251587
0.46826818585395813
0.4576839804649353
0.4780360460281372
0.46210286021232605
0.4576877951622009
0.4597402513027191
0.4634866714477539
0.4870721101760864
0.4612261652946472
0.4891582727432251
0.47321897745132446
0.4809148609638214
0.4579460024833679
0.4758869409561157
0.45990243554115295
0.4755547344684601
0.460834264755249
0.45483797788619995
0.4808388948440552
0.4546172320842743
0.45939546823501587
0.4583016335964203
0.48177143931388855
0.464457243680954
0.460504949092865
0.4571055769920349
0.46309876441955566
0.47559303045272827
0.47871488332748413
0.4843435287475586
0.46739718317985535
0.4733062982559204
0.4686805307865143
0.4842585027217865
0.4660462439060211
0.4613461494445801
0.4494476318359375
0.46716445684432983
0.46688777208328247
0.46486255526542664
0.47817620635032654
0.4752518832683563
0.46957138180732727
0.48894399404525757
0.45317208766937256
0.4891430735588074
0.4594561457633972
0.45923638343811035
0.46198028326034546
0.46165481209754944
0.4800015091896057
0.4616472125053406
0.4361534118652344
0.4657559096813202
0.46852150559425354
0.4774436354637146
0.4490112364292145
0.47545501589775085
0.46995070576667786
0.45546260476112366
0.4871422052383423
0.4618404507637024
0.45932266116142273
0.44966158270835876
0.47134914994239807
0.4630994498729706
0.4593113660812378
0.47100141644477844
0.46518781781196594
0.4639069437980652
0.45789188146591187
0.4751204252243042
0.4578860402107239
0.47218623757362366
0.469866544008255
0.4544989764690399
0.4761791229248047
0.46612441539764404
0.45824605226516724
0.47518691420555115
0.47528231143951416
0.44214487075805664
0.4908110797405243
0.4684217572212219
0.4528387188911438
0.45415857434272766
0.4603666663169861
0.5017832517623901
0.48989903926849365
0.47073203325271606
0.4630473256111145
0.45190009474754333
0.46709832549095154
0.453701913356781
0.47129032015800476
0.47872668504714966
0.46165528893470764
0.46083423495292664
0.4644288420677185
0.47201013565063477
0.4507668912410736
0.4571287930011749
0.4793854355812073
0.46675410866737366
0.44453874230384827
0.46951615810394287
0.4878799319267273
0.4523705244064331
0.45458468794822693
0.47447726130485535
0.4660107493400574
0.4763019382953644
0.4672629237174988
0.45567259192466736
0.436056911945343
0.46821585297584534
0.46791040897369385
0.48502615094184875
0.4687424898147583
0.4504531919956207
0.4699585437774658
0.4506766200065613
0.46442341804504395
0.44766318798065186
0.47950121760368347
0.443488210439682
0.4582611322402954
0.4723157584667206
0.49195992946624756
0.45042684674263
0.451595276594162
0.4679100513458252
0.4666876196861267
0.4698387086391449
0.4596470594406128
0.48811015486717224
0.4605851173400879
0.4608722925186157
0.44689831137657166
0.45148351788520813
0.47470176219940186
0.45709019899368286
0.4764961302280426
0.4642236530780792
0.4526978135108948
0.4349878430366516
0.4767927825450897
0.4628841280937195
0.46382269263267517
0.4653872847557068
0.4623103141784668
0.47477617859840393
0.4619676470756531
0.4396856129169464
0.4695145785808563
0.4595426917076111
0.48029783368110657
0.4701022505760193
0.46503108739852905
0.4519192576408386
0.463442325592041
0.4820728600025177
0.4520860016345978
0.44707781076431274
0.46351587772369385
0.46326297521591187
0.46129000186920166
0.4726857542991638
0.4525800943374634
0.45017650723457336
0.49092769622802734
0.4474136233329773
0.47504904866218567
0.4531577527523041
0.4633798599243164
0.46052658557891846
0.4598861336708069
0.4628693759441376
0.4739861488342285
0.4649115800857544
0.4592556953430176
0.4729372262954712
0.4726506173610687
0.47041845321655273
0.45443859696388245
0.45541778206825256
0.44860684871673584
0.4769258499145508
0.4760286808013916
0.4802287518978119
0.4692404270172119
0.4521945118904114
0.4746258556842804
0.4665828347206116
0.4705035388469696
0.4605059325695038
0.45257261395454407
0.4519297480583191
0.4714369773864746
0.47318631410598755
0.47081223130226135
0.43784892559051514
0.4601838290691376
0.45354390144348145
0.45932942628860474
0.46320390701293945
0.4484233260154724
0.47369489073753357
0.475068598985672
0.48020732402801514
0.4882519245147705
0.4582355320453644
0.47456395626068115
0.45718681812286377
0.4676651954650879
0.4792826175689697
0.4625200927257538
0.46355974674224854
0.47948163747787476
0.449068158864975
0.4674603044986725
0.4446150064468384
0.47227469086647034
0.44157081842422485
0.44429969787597656
0.45675796270370483
0.47016391158103943
0.46749255061149597
0.4750669598579407
0.45624494552612305
0.4554740786552429
0.4687066078186035
0.45991405844688416
0.4963981509208679
0.45397239923477173
0.4698079526424408
0.46442198753356934
0.46062132716178894
0.4473370909690857
0.4541184604167938
0.4567073881626129
0.44932645559310913
0.4739232361316681
0.4756924510002136
0.4827980697154999
0.45170336961746216
0.45754575729370117
0.47215765714645386
0.4353955090045929
0.47550904750823975
0.47117066383361816
0.46595072746276855
0.4668654501438141
0.46320074796676636
0.44967135787010193
0.47713300585746765
0.4589593708515167
0.4315330386161804
0.4572742283344269
0.45054110884666443
0.4319618046283722
0.48836106061935425
0.47591516375541687
0.45231524109840393
0.4460180997848511
0.4645102322101593
0.4484621286392212
0.463653564453125
0.461238294839859
0.468491792678833
0.46761539578437805
0.47326990962028503
0.4552551209926605
0.43069157004356384
0.43940460681915283
0.47070083022117615
0.47720447182655334
0.48645347356796265
0.4436274468898773
0.4672757685184479
0.4345775544643402
0.47763070464134216
0.4841884970664978
0.4812166094779968
0.4625070095062256
0.49379661679267883
0.448072612285614
0.44108131527900696
0.4665411114692688
0.46568670868873596
0.44335222244262695
0.46934032440185547
0.48405855894088745
0.443101704120636
0.4859471321105957
0.47507810592651367
0.4407058656215668
0.4605241119861603
0.4962295889854431
0.45781177282333374
0.44326016306877136
0.46517282724380493
0.44373151659965515
0.45993074774742126
0.4568432867527008
0.46723270416259766
0.46296393871307373
0.47287026047706604
0.45556479692459106
0.46666866540908813
0.4669630527496338
0.45907241106033325
0.4709671139717102
0.46580272912979126
0.4575159549713135
0.47094401717185974
0.4555717706680298
0.4509473443031311
0.474057137966156
0.46022820472717285
0.46759092807769775
0.47216692566871643
0.44704732298851013
0.47777628898620605
0.4747806191444397
0.44485536217689514
0.45964691042900085
0.47546786069869995
0.4548526406288147
0.4647178053855896
0.4591045677661896
0.46789732575416565
0.47473418712615967
0.448739230632782
0.4582131505012512
0.47157931327819824
0.4643126428127289
0.4732748866081238
0.44038450717926025
0.4465669095516205
0.4628746807575226
0.4657498300075531
0.469826340675354
0.46755170822143555
0.4691137969493866
0.45083463191986084
0.4734417498111725
0.46459582448005676
0.44728973507881165
0.4887968897819519
0.4620624780654907
0.4606822729110718
0.46974319219589233
0.46772968769073486
0.4617350995540619
0.4581237733364105
0.472278356552124
0.4564332365989685
0.44956642389297485
0.45947086811065674
0.466721773147583
0.46374863386154175
0.4550178050994873
0.4521389603614807
0.4608752131462097
0.4546372890472412
0.4555506408214569
0.4636470079421997
0.4830798804759979
0.4653431177139282
0.4868507981300354
0.4665670692920685
0.4580589234828949
0.46651700139045715
0.4454393684864044
0.46260547637939453
0.4321928322315216
0.46107426285743713
0.4553337097167969
0.48689571022987366
0.4547262191772461
0.4603428840637207
0.49360939860343933
0.46266111731529236
0.4590012729167938
0.4767257571220398
0.48151397705078125
0.44999808073043823
0.44875451922416687
0.45157885551452637
0.4718334674835205
0.4516911804676056
0.4697893261909485
0.48071277141571045
0.4584120213985443
0.4633476138114929
0.4584413468837738
0.4782211184501648
0.4842025935649872
0.4606086015701294
0.44985997676849365
0.4405829906463623
0.4792647957801819
0.4724062979221344
0.46988847851753235
0.47291868925094604
0.4836907386779785
0.45588749647140503
0.4349818527698517
0.44270166754722595
0.48688986897468567
0.44496971368789673
0.48413142561912537
0.46252506971359253
0.4534235894680023
0.463628888130188
0.48706334829330444
0.453754186630249
0.46759316325187683
0.4814070165157318
0.4656132161617279
0.46332961320877075
0.45638978481292725
0.4614938199520111
0.4347371757030487
0.4499557614326477
0.45880126953125
0.458859920501709
0.4800006151199341
0.4588853716850281
0.45705580711364746
0.4646434485912323
0.4593130350112915
0.45203375816345215
0.45392507314682007
0.46221351623535156
0.4545843005180359
0.4564405381679535
0.46327897906303406
0.44625791907310486
0.4679766893386841
0.44950732588768005
0.45954203605651855
0.470316082239151
0.4785851538181305
0.4668988287448883
0.45622098445892334
0.44377052783966064
0.46723923087120056
0.4698786735534668
0.45769742131233215
0.45962291955947876
0.47994840145111084
0.4539589285850525
0.466877281665802
0.4695323407649994
0.4694245755672455
0.4634605050086975
0.4597182273864746
0.45563167333602905
0.4804467260837555
0.4560372233390808
0.45383793115615845
0.43531137704849243
0.4649992883205414
0.4561172425746918
0.4725187420845032
0.460453599691391
0.4631026089191437
0.4598791301250458
0.4415418207645416
0.46113523840904236
0.4743262529373169
0.4584006369113922
0.44511154294013977
0.45951002836227417
0.46364155411720276
0.4578853249549866
0.4754038453102112
0.44848504662513733
0.4443396031856537
0.45675355195999146
0.4635871350765228
0.46202465891838074
0.47962549328804016
0.4486275911331177
0.4605643153190613
0.45717260241508484
0.4718564748764038
0.4426111876964569
0.45561885833740234
0.4624641239643097
0.4589148759841919
0.47152218222618103
0.46403270959854126
0.4522573947906494
0.45307785272598267
0.45129892230033875
0.4425879716873169
0.4516323208808899
0.46694454550743103
0.4949481189250946
0.4592827260494232
0.4664750397205353
0.4712439179420471
0.4520198404788971
0.47210389375686646
0.44443023204803467
0.45477408170700073
0.43019500374794006
0.4701133668422699
0.48358917236328125
0.4729670286178589
0.47356337308883667
0.4725203216075897
0.44680050015449524
0.44721874594688416
0.45406314730644226
0.45930996537208557
0.4587063789367676
0.47751352190971375
0.4760195016860962
0.455939918756485
0.4674692451953888
0.4673507809638977
0.45401567220687866
0.4556840658187866
0.4728633165359497
0.47020599246025085
0.4695504903793335
0.47303029894828796
0.4708738923072815
0.468764990568161
0.4468245804309845
0.4750387370586395
0.465971440076828
0.46686023473739624
0.471775084733963
0.4565441310405731
0.44738197326660156
0.45931848883628845
0.4626598656177521
0.4476240873336792
0.46812349557876587
0.46058389544487
0.4361942708492279
0.46251824498176575
0.4457922577857971
0.4610788822174072
0.4664742350578308
0.46321213245391846
0.4858926832675934
0.4645535945892334
0.4634610712528229
0.4654119908809662
0.46301397681236267
0.48083245754241943
0.45201295614242554
0.4620460569858551
0.46696972846984863
0.47188055515289307
0.4240610897541046
0.47749900817871094
0.46648165583610535
0.46204832196235657
0.45021212100982666
0.4567144811153412
0.45933347940444946
0.45331788063049316
0.46416202187538147
0.44752734899520874
0.4599466621875763
0.4523295760154724
0.46958062052726746
0.45372170209884644
0.48396962881088257
0.44958555698394775
0.4753912389278412
0.4740176200866699
0.4436038136482239
0.45371687412261963
0.4668964743614197
0.4590069651603699
0.4615056812763214
0.4721553921699524
0.4684101641178131
0.4537622630596161
0.45120757818222046
0.44162899255752563
0.4692833423614502
0.4489017724990845
0.4750356078147888
0.4742226302623749
0.4546995460987091
0.4719187021255493
0.4432237148284912
0.4770904779434204
0.4702880382537842
0.4610220491886139
0.46073117852211
0.4741309881210327
0.46517810225486755
0.4462340474128723
0.45633113384246826
0.49410152435302734
0.4663260579109192
0.45308125019073486
0.45788347721099854
0.4578036665916443
0.45386597514152527
0.4666275382041931
0.4713556170463562
0.45215779542922974
0.45569199323654175
0.45115354657173157
0.4725174903869629
0.46923398971557617
0.46623143553733826
0.47450852394104004
0.46908366680145264
0.4547286629676819
0.4382895529270172
0.46215230226516724
0.4659881591796875
0.46688148379325867
0.4668562412261963
0.46302297711372375
0.4651585519313812
0.46021568775177
0.44938352704048157
0.44101059436798096
0.46721208095550537
0.4688779413700104
0.47899147868156433
0.4530283510684967
0.45404040813446045
0.4708642065525055
0.4618430733680725
0.4680021107196808
0.454367458820343
0.4876836836338043
0.4654005765914917
0.46748360991477966
0.47047239542007446
0.4678801894187927
0.45602819323539734
0.46640992164611816
0.4695737957954407
0.45281681418418884
0.4508727490901947
0.4755748212337494
0.48333197832107544
0.44418972730636597
0.4420415461063385
0.4626271724700928
0.4607560634613037
0.47134479880332947
0.4522518515586853
0.46581560373306274
0.4812776744365692
0.4628404378890991
0.47617143392562866
0.44769707322120667
0.44703903794288635
0.46184560656547546
0.4655197858810425
0.46062618494033813
0.43981707096099854
0.4921858608722687
0.4703316390514374
0.47228288650512695
0.48355719447135925
0.4573647081851959
0.4720132350921631
0.4578535556793213
0.4560842216014862
0.4526382088661194
0.4786566495895386
0.4666420817375183
0.46725761890411377
0.45651116967201233
0.46763142943382263
0.4610101282596588
0.4613848924636841
0.4491347670555115
0.45744895935058594
0.47596314549446106
0.4596497416496277
0.4608258903026581
0.4669370651245117
0.45939576625823975
0.45213600993156433
0.45450693368911743
0.4627179205417633
0.45605045557022095
0.47655439376831055
0.4529050290584564
0.4666348993778229
0.45910269021987915
0.45317062735557556
0.4568891227245331
0.4533529579639435
0.4579382538795471
0.4468548595905304
0.45766839385032654
0.4514652490615845
0.4774077832698822
0.48120519518852234
0.47033271193504333
0.45848408341407776
0.45643672347068787
0.445077121257782
0.4388599097728729
0.4569180905818939
0.47724655270576477
0.4498295783996582
0.44874000549316406
0.4761459231376648
0.44192585349082947
0.47640690207481384
0.44441574811935425
0.45613527297973633
0.46713918447494507
0.4604015648365021
0.44371870160102844
0.45405885577201843
0.4537396728992462
0.46757766604423523
0.445578008890152
0.47172385454177856
0.456537127494812
0.46433019638061523
0.4583355486392975
0.4361000657081604
0.46309417486190796
0.4421643316745758
0.4652997851371765
0.4390751123428345
0.4876570999622345
0.4764770567417145
0.46178126335144043
0.4569427967071533
0.4671958088874817
0.447956919670105
0.47555607557296753
0.4801061451435089
0.4664947986602783
0.46400463581085205
0.4492446780204773
0.478278249502182
0.4522421956062317
0.45415133237838745
0.441608190536499
0.4738198220729828
0.4549069106578827
0.44116654992103577
0.4564909040927887
0.48890912532806396
0.46204957365989685
0.48103204369544983
0.452371209859848
0.4592840373516083
0.43843701481819153
0.46173083782196045
0.46607697010040283
0.4558919072151184
0.45876508951187134
0.47000542283058167
0.48546215891838074
0.474350243806839
0.43529021739959717
0.46330320835113525
0.43339303135871887
0.4618884027004242
0.48508986830711365
0.4716768264770508
0.45824551582336426
0.4555230140686035
0.46218645572662354
0.4641004204750061
0.44196873903274536
0.47277820110321045
0.46709203720092773
0.4695760905742645
0.46935155987739563
0.460713654756546
0.4435323476791382
0.46726909279823303
0.44860169291496277
0.4603418707847595
0.480049192905426
0.46476274728775024
0.45703524351119995
0.4533884525299072
0.45611315965652466
0.46177130937576294
0.4706255793571472
0.4652109146118164
0.4453635513782501
0.4651121497154236
0.446399986743927
0.4566831588745117
0.4822133779525757
0.4667973220348358
0.4330160617828369
0.45887747406959534
0.47731709480285645
0.46367233991622925
0.4636988043785095
0.46308714151382446
0.4523382782936096
0.4692292809486389
0.44670921564102173
0.4491836428642273
0.46254464983940125
0.47368088364601135
0.45044296979904175
0.4430477023124695
0.4740493595600128
0.44557395577430725
0.4645882546901703
0.4643818140029907
0.4366743564605713
0.4573032259941101
0.46770423650741577
0.44686654210090637
0.42670562863349915
0.46444737911224365
0.4562031030654907
0.4492976665496826
0.46586695313453674
0.45808300375938416
0.4475992023944855
0.4679318368434906
0.4849663972854614
0.458050400018692
0.45357826352119446
0.45589739084243774
0.45386555790901184
0.4764496088027954
0.4579811692237854
0.44958335161209106
0.4592059850692749
