Mean Rank: 14, 3
Mean RR: 0.2063, 0.7065
Hit@1: 0.0711, 0.5234
Hit@3: 0.2073, 0.8744
Hit@5: 0.3192, 0.9281
Hit@10: 0.5439, 0.9569
6.0659284591674805
6.572634220123291
11.654510498046875
9.504373550415039
7.097734451293945
6.796331405639648
5.924685478210449
4.94005012512207
4.6447858810424805
4.156043529510498
3.8585641384124756
3.7834606170654297
3.434965133666992
3.546551465988159
3.4733424186706543
3.348914623260498
3.230253219604492
2.941941261291504
2.916414976119995
3.06234073638916
2.3828039169311523
2.5107340812683105
2.7323601245880127
2.40171217918396
2.7386999130249023
2.3801496028900146
2.5382492542266846
2.340182304382324
2.6432080268859863
2.3499207496643066
2.012394905090332
2.1608707904815674
2.1473782062530518
2.0632028579711914
2.177553415298462
2.2395548820495605
2.2246615886688232
2.3724892139434814
2.0551435947418213
2.1865181922912598
1.8426932096481323
1.7511506080627441
2.1223227977752686
1.89162278175354
1.718624472618103
1.851351022720337
2.1895675659179688
1.7557119131088257
1.7706303596496582
1.8052291870117188
1.6025604009628296
1.686997413635254
1.763870358467102
1.8705742359161377
1.9251046180725098
1.7618193626403809
2.017397165298462
1.933559775352478
1.9394636154174805
1.8926447629928589
1.8042675256729126
1.59540855884552
1.5721337795257568
1.654322862625122
1.686819314956665
1.6345231533050537
1.713073968887329
1.8002299070358276
1.764868974685669
1.7347345352172852
1.6361777782440186
1.6059179306030273
1.5635303258895874
1.5760498046875
1.8643262386322021
1.632481575012207
1.581252098083496
1.822987675666809
1.753954291343689
1.7180509567260742
1.4184584617614746
1.6400812864303589
1.5260018110275269
1.5102355480194092
1.6356618404388428
1.5877792835235596
1.6933860778808594
1.6096553802490234
1.725199580192566
1.4096816778182983
1.3939951658248901
1.5219106674194336
1.3787919282913208
1.6352739334106445
1.6774673461914062
1.6912436485290527
1.8810572624206543
1.5413317680358887
1.5517014265060425
1.7937781810760498
