Mean Rank: 22, 6
Mean RR: 0.1116, 0.5541
Hit@1: 0.0182, 0.4024
Hit@3: 0.0734, 0.6437
Hit@5: 0.1384, 0.7315
Hit@10: 0.3290, 0.8427
0.6950138211250305
0.6952852606773376
0.6953524947166443
0.695097029209137
0.6951761841773987
0.69516921043396
0.6952413320541382
0.694894552230835
0.6949675679206848
0.6950119137763977
0.6936532258987427
0.6935796141624451
0.693479597568512
0.6930990815162659
0.6928783655166626
0.6929551959037781
0.6926027536392212
0.6924281120300293
0.6923316121101379
0.6918613314628601
0.6909896731376648
0.690721333026886
0.6893728375434875
0.6884453296661377
0.6874083280563354
0.6866102814674377
0.6856091618537903
0.6859049201011658
0.6824513077735901
0.6799727082252502
0.6784529685974121
0.6745786070823669
0.6720417737960815
0.6688663959503174
0.6634966135025024
0.6600634455680847
0.6582608819007874
0.6526502966880798
0.6458680629730225
0.6366502642631531
0.6288204789161682
0.620603084564209
0.618831217288971
0.614894449710846
0.6117595434188843
0.6013846397399902
0.598656177520752
0.6034987568855286
0.5998331308364868
0.5795259475708008
0.5923947691917419
0.5783342719078064
0.5731470584869385
0.5416072607040405
0.5841920375823975
0.5804780125617981
0.564334511756897
0.5540786385536194
0.5795884728431702
0.5662877559661865
0.5754140019416809
0.5461224913597107
0.5650587677955627
0.5630265474319458
0.5518396496772766
0.5593756437301636
0.5429105162620544
0.5366607904434204
0.552428662776947
0.5581144690513611
0.5353045463562012
0.544120192527771
0.5411936640739441
0.5351568460464478
0.5137748718261719
0.5503298044204712
0.5277397632598877
0.5236289501190186
0.5704168677330017
0.5518636107444763
0.5197421312332153
0.5332750082015991
0.5209004282951355
0.5309251546859741
0.5321331024169922
0.5301471948623657
0.5073260068893433
0.5083470940589905
0.5334053635597229
0.5192136764526367
0.5133242011070251
0.5129619240760803
0.5353481769561768
0.5014004707336426
0.4963495135307312
0.48236507177352905
0.5102830529212952
0.48894190788269043
0.4859161972999573
0.4922793209552765
0.46946996450424194
0.4819975793361664
0.450876921415329
0.46417954564094543
0.46065592765808105
0.4799010753631592
0.4546990692615509
0.4755331873893738
0.46622055768966675
0.4466400742530823
0.4209924340248108
0.4686587154865265
0.4552828073501587
0.4252702295780182
0.4423590302467346
0.41787096858024597
0.431971937417984
0.44330894947052
0.4109286963939667
0.4096408784389496
0.42811185121536255
0.4153837263584137
0.41044992208480835
0.4312659204006195
0.4363674223423004
0.3910940885543823
0.405674010515213
0.3970576822757721
0.39896249771118164
0.4082794189453125
0.40106508135795593
0.420701801776886
0.4096037745475769
0.42811256647109985
0.409176766872406
0.41312849521636963
0.40815335512161255
0.41539686918258667
0.38970041275024414
0.39572829008102417
0.3902520537376404
0.40101081132888794
0.39663058519363403
0.40422680974006653
0.38112080097198486
0.3906230330467224
0.40242817997932434
0.3995780050754547
0.394382119178772
0.44061049818992615
0.41843679547309875
0.3920508325099945
0.3925664722919464
0.3995231091976166
0.428250253200531
0.3715675473213196
0.39458614587783813
0.37843286991119385
0.38090136647224426
0.4241640865802765
0.3997597098350525
0.39135923981666565
0.37568411231040955
0.41253146529197693
0.3630218207836151
0.4150775372982025
0.36959174275398254
0.4046180844306946
0.3871399164199829
0.39842721819877625
0.3756016194820404
0.4179902672767639
0.4050115644931793
0.3779242932796478
0.422782301902771
0.3993842899799347
0.37798139452934265
0.38755297660827637
0.3964880108833313
0.4051993489265442
0.38914984464645386
0.3796660006046295
0.4015501141548157
0.39882612228393555
0.3946093022823334
0.4172113537788391
0.39973652362823486
0.39684492349624634
0.3848348557949066
0.4072871804237366
0.40162378549575806
0.38697049021720886
0.38300156593322754
0.3705744743347168
0.4133739769458771
0.35552382469177246
0.36726921796798706
0.4069233238697052
0.41838204860687256
0.3983739912509918
0.37341856956481934
0.3866495192050934
0.39790764451026917
0.3495716452598572
0.3777903914451599
0.37599536776542664
0.3761121928691864
0.4099281430244446
0.4077090919017792
0.3952292799949646
0.3967018723487854
0.374331533908844
0.3844815790653229
0.3697095513343811
0.3920784592628479
0.3680494427680969
0.37756311893463135
0.36883825063705444
0.4133647382259369
0.36880967020988464
0.38709136843681335
0.401846706867218
0.36786699295043945
0.42407605051994324
0.3711281418800354
0.37148234248161316
0.4075941741466522
0.4056985080242157
0.391252726316452
0.3785625696182251
0.38808709383010864
0.3918766677379608
0.38802215456962585
0.36968275904655457
0.39169183373451233
0.36456379294395447
0.3951338529586792
0.3862648606300354
0.3919581472873688
0.38663214445114136
0.3793875575065613
0.3866138756275177
0.40429478883743286
0.3754398226737976
0.3684515058994293
0.3873785436153412
0.3630410432815552
0.4053192734718323
0.381483793258667
0.3653421998023987
0.382982075214386
0.39949220418930054
0.4112137258052826
0.38911423087120056
0.3777807652950287
0.37115079164505005
0.37825527787208557
0.37887343764305115
0.3842567205429077
0.3971358835697174
0.37540343403816223
0.36883193254470825
0.3724571466445923
0.3990422189235687
0.37123551964759827
0.41302555799484253
0.3978378474712372
0.3985932767391205
0.38078540563583374
0.3859019875526428
0.3902648091316223
0.38511598110198975
0.3858566880226135
0.3907780051231384
0.37480831146240234
0.3816176652908325
0.37082231044769287
0.3863322138786316
0.37111133337020874
0.3670864701271057
0.3849749267101288
0.38026610016822815
0.39234888553619385
0.37001779675483704
0.3857085108757019
0.38341188430786133
0.3833896815776825
0.3558977544307709
0.3864738345146179
0.3808118402957916
0.41811516880989075
0.406080424785614
0.35777708888053894
0.40212151408195496
0.3765413761138916
0.40066438913345337
0.3837861716747284
0.37011727690696716
0.3722054362297058
0.3889368176460266
0.3794212341308594
0.3851586580276489
0.36847835779190063
0.3762187361717224
0.3793070912361145
0.38441792130470276
0.3709524869918823
0.3651280403137207
0.3833342492580414
0.40817171335220337
0.3865247070789337
0.38745349645614624
0.399055153131485
0.3887057900428772
0.38058358430862427
0.3735758662223816
0.3653315007686615
0.4176273047924042
0.38162171840667725
0.387978732585907
0.4112418293952942
0.39448899030685425
0.37474116683006287
0.3982624411582947
0.38951554894447327
0.3699730336666107
0.3555096685886383
0.3756735026836395
0.3612431585788727
0.3541380763053894
0.3641554117202759
0.37658846378326416
0.3681105375289917
0.37013858556747437
0.35590529441833496
0.3786762058734894
0.3876810073852539
0.37414246797561646
0.39477774500846863
0.37173891067504883
0.4044593572616577
0.363964319229126
0.3639017939567566
0.3817746341228485
0.38400933146476746
0.37981826066970825
0.36534959077835083
0.3784633278846741
0.36799368262290955
0.3782671391963959
0.37397488951683044
0.3754900097846985
0.35632213950157166
0.3962427079677582
0.3945859670639038
0.42353329062461853
0.36125555634498596
0.3713334798812866
0.36179620027542114
0.38383370637893677
0.3688165545463562
0.3747783303260803
0.3710389733314514
0.3633706569671631
0.35550403594970703
0.36567172408103943
0.37659937143325806
0.38312864303588867
0.40586262941360474
0.3932819962501526
0.38138970732688904
0.36627718806266785
0.38377827405929565
0.4009650945663452
0.3838045597076416
0.3817720413208008
0.37248632311820984
0.36059391498565674
0.3635091483592987
0.3848341405391693
0.35367801785469055
0.3722580671310425
0.32991597056388855
0.3844835162162781
0.3887544870376587
0.3801333010196686
0.37486255168914795
0.3870551288127899
0.37432020902633667
0.3924441933631897
0.36984744668006897
0.3802471458911896
0.3893200755119324
0.3703407645225525
0.379861980676651
0.3899674415588379
0.3716156482696533
0.3793143630027771
0.36535096168518066
0.3801968991756439
0.3898840546607971
0.4000287353992462
0.3860894739627838
0.3680441975593567
0.3684154748916626
0.39850202202796936
0.3288010358810425
0.40308332443237305
0.3593776524066925
0.3939383029937744
0.38054293394088745
0.3881484568119049
0.3930976092815399
0.3877066671848297
0.3765845000743866
0.37246406078338623
0.37987202405929565
0.3559539020061493
0.3458125591278076
0.39545685052871704
0.3919181227684021
0.34937164187431335
0.38853856921195984
0.4001046419143677
0.3714827299118042
0.3928442597389221
0.38224369287490845
0.42239102721214294
0.3429962992668152
0.41522520780563354
0.36186832189559937
0.36587604880332947
0.3993060290813446
0.3864469528198242
0.3645690679550171
0.38726806640625
0.35096287727355957
0.41268986463546753
0.3898560404777527
0.3719468116760254
0.39745447039604187
0.37546202540397644
0.3598410189151764
0.3928736448287964
0.3849382996559143
0.36230263113975525
0.364227831363678
0.3869030475616455
0.3775079846382141
0.38606756925582886
0.3866701126098633
0.38665133714675903
0.3864900469779968
0.3872113823890686
0.3705492615699768
0.38302555680274963
0.36095383763313293
0.36612454056739807
0.39885905385017395
0.353512167930603
0.3817828893661499
0.4051884710788727
0.39338192343711853
0.36068180203437805
0.38724976778030396
0.3581308126449585
0.3702644407749176
0.38203877210617065
0.3648504316806793
0.3848458528518677
0.385833203792572
0.3428991734981537
0.37935030460357666
0.3994387984275818
0.361987829208374
0.3750074505805969
0.3855827748775482
0.3467457592487335
0.3436400890350342
0.37883496284484863
0.3522395193576813
0.37160274386405945
0.38111612200737
0.394767701625824
0.368742436170578
0.3664267063140869
0.38587117195129395
0.3661387264728546
0.3656056225299835
0.39132168889045715
0.3970600366592407
0.371518075466156
0.33222696185112
0.3513559103012085
0.38645321130752563
0.3545777499675751
0.37476295232772827
0.38680022954940796
0.35869160294532776
0.4000820219516754
0.36390337347984314
0.3673281669616699
0.36643198132514954
0.3635179400444031
0.3480820953845978
0.36686769127845764
0.38959991931915283
0.3556438684463501
0.3765489459037781
0.39870646595954895
0.39952734112739563
0.3529627025127411
0.37898629903793335
0.3785693049430847
0.37608546018600464
0.35250183939933777
0.3534157872200012
0.37744244933128357
0.35306909680366516
0.3551494777202606
0.35890713334083557
0.3509337306022644
0.3958930969238281
0.3494313359260559
0.3798747956752777
0.38095998764038086
0.37762558460235596
0.38210350275039673
0.37209320068359375
0.3741524815559387
0.37420031428337097
0.3625252842903137
0.37692317366600037
0.3899010419845581
0.3999621868133545
0.37895429134368896
0.35759618878364563
0.36675703525543213
0.39722540974617004
0.3728141784667969
0.3382272720336914
0.37635570764541626
0.38396960496902466
0.38608479499816895
0.3739412724971771
0.38931190967559814
0.353462815284729
0.36999306082725525
0.3899226784706116
0.3919869065284729
0.384348601102829
0.36737778782844543
0.35484957695007324
0.3603138327598572
0.37119805812835693
0.36712533235549927
0.35807594656944275
0.3853604793548584
0.3755483031272888
0.40969470143318176
0.3602181673049927
0.38897204399108887
0.3776887059211731
0.37543150782585144
0.3685293197631836
0.40411439538002014
0.3817652761936188
0.41967344284057617
0.3545752763748169
0.36379754543304443
0.35203856229782104
0.3486284017562866
0.38126859068870544
0.3849073052406311
0.39610597491264343
0.3935600221157074
0.35390472412109375
0.3630717992782593
0.37172818183898926
0.37509870529174805
0.37248262763023376
0.3766336143016815
0.3873257339000702
0.37356534600257874
0.3894098699092865
0.38659077882766724
0.3559688329696655
0.3987453877925873
0.3712005913257599
0.37994393706321716
0.40109196305274963
0.38209477066993713
0.33967506885528564
0.3536790609359741
0.3697510063648224
0.38855868577957153
0.3812517523765564
0.35690250992774963
0.3874533772468567
0.3564169108867645
0.36511632800102234
0.3461836576461792
0.38880655169487
0.3898557722568512
0.3938608169555664
0.36242157220840454
0.35422059893608093
0.41054627299308777
0.36018913984298706
0.3581644296646118
0.3555077612400055
0.36872389912605286
0.39470863342285156
0.3791947364807129
0.3505849242210388
0.37298819422721863
0.3450552225112915
0.3820437788963318
0.36592957377433777
0.38762858510017395
0.37368103861808777
0.3908322751522064
0.3620885908603668
0.31608039140701294
0.3872973620891571
0.35338062047958374
0.37520697712898254
0.34841200709342957
0.36955299973487854
0.37128931283950806
0.34401556849479675
0.383932501077652
0.3421988785266876
0.3981017470359802
0.3901658058166504
0.3674374222755432
0.383007287979126
0.37562891840934753
0.3747275471687317
0.38440871238708496
0.3541794717311859
0.39851102232933044
0.3760109543800354
0.3739727735519409
0.3850761353969574
0.354824960231781
0.3686393201351166
0.36588603258132935
0.35328590869903564
0.3810279071331024
0.3847137689590454
0.36775729060173035
0.3634835183620453
0.4071532189846039
0.35811370611190796
0.37801411747932434
0.36134618520736694
0.3817756772041321
0.4035097360610962
0.38389500975608826
0.3924148380756378
0.33848005533218384
0.37493783235549927
0.3626830577850342
0.3498310148715973
0.3724011182785034
0.35999795794487
0.37716567516326904
0.41255468130111694
0.357802152633667
0.386868417263031
0.349888414144516
0.3678165674209595
0.34226375818252563
0.3748902678489685
0.3918004333972931
0.3854837715625763
0.3724138140678406
0.38183480501174927
0.37694159150123596
0.360736221075058
0.3590366244316101
0.3697582483291626
0.36375749111175537
0.3891337513923645
0.35465818643569946
0.38616251945495605
0.3398796617984772
0.38270336389541626
0.37759125232696533
0.38429078459739685
0.33563441038131714
0.37506821751594543
0.3858550786972046
0.3715619444847107
0.3852275013923645
0.3815555274486542
0.36493954062461853
0.3505045771598816
0.377079576253891
0.3654188811779022
0.37033697962760925
0.3660242557525635
0.3546755909919739
0.3479742705821991
0.38338834047317505
0.3669898808002472
0.3890857398509979
0.3996107578277588
0.3848836421966553
0.3661114573478699
0.35195645689964294
0.368115097284317
0.3651566803455353
0.3621993362903595
0.3673810362815857
0.35741230845451355
0.3728954493999481
0.365222692489624
0.363463819026947
0.36639881134033203
0.3566972315311432
0.3495279848575592
0.3764043152332306
0.36090001463890076
0.37686067819595337
0.37606126070022583
0.3620009124279022
0.3973351716995239
0.36920589208602905
0.35227859020233154
0.37439844012260437
0.4024696946144104
0.3728976845741272
0.37119823694229126
0.37478482723236084
0.37499386072158813
0.3878001272678375
0.3607620298862457
0.3645978569984436
0.3701010048389435
0.36858069896698
0.3663777709007263
0.3746674954891205
0.3784748613834381
0.3792966306209564
0.37105610966682434
0.3562110364437103
0.3569442331790924
0.3780439794063568
0.3565663695335388
0.38692983984947205
0.35535621643066406
0.3595690429210663
0.3685685992240906
0.34351280331611633
0.3629467487335205
0.3977726101875305
0.37034961581230164
0.3646797239780426
0.3561917245388031
0.35782891511917114
0.3635997474193573
0.3656339943408966
0.3783048093318939
0.4042336344718933
0.37527674436569214
0.358435720205307
0.3717643916606903
0.3750860393047333
0.3867492079734802
0.38212233781814575
0.3638506829738617
0.3384620249271393
0.3724633455276489
0.3730681538581848
0.36172330379486084
0.36773383617401123
0.3610438406467438
0.36245259642601013
0.37775471806526184
0.3857649564743042
0.3615327477455139
0.35984525084495544
0.37341582775115967
0.38403820991516113
0.3799000680446625
0.38323792815208435
0.3755813241004944
0.36347895860671997
0.4051767587661743
0.37415140867233276
0.3524296283721924
0.3667604327201843
0.38141757249832153
0.38440364599227905
0.3642045855522156
0.40337204933166504
0.3750074803829193
0.344154417514801
0.3567819595336914
0.38773515820503235
0.37821659445762634
0.35553550720214844
0.38363033533096313
0.36127662658691406
0.3619391918182373
0.350772887468338
0.3679314851760864
0.36878374218940735
0.37663623690605164
0.3769393861293793
0.3939550220966339
0.37381070852279663
0.37933504581451416
0.4210129380226135
0.356320858001709
0.36663106083869934
0.34436509013175964
0.3439148962497711
0.39122581481933594
0.3861435353755951
0.38646307587623596
0.41741061210632324
0.3726329803466797
0.39981013536453247
0.3540843725204468
0.352433443069458
0.351296067237854
0.3673081398010254
0.3520404100418091
0.3681124150753021
0.3717147707939148
0.38111206889152527
0.38035035133361816
0.3627878427505493
0.3706924021244049
0.3540540039539337
0.382402241230011
0.3560110926628113
0.3628908693790436
0.36957675218582153
0.3783724904060364
0.3498610854148865
0.3554507791996002
0.39566755294799805
0.37842026352882385
0.3594207763671875
0.3691673278808594
0.35131770372390747
0.3704075217247009
0.36431556940078735
0.3693819046020508
0.35215869545936584
0.3674597442150116
0.3570079505443573
0.34205061197280884
0.38177239894866943
0.3800678849220276
0.38352325558662415
0.38288193941116333
0.39184677600860596
0.37412941455841064
0.3392242193222046
0.34496548771858215
0.3765402138233185
0.40086889266967773
0.3558267056941986
0.3839930295944214
0.37647545337677
0.34488433599472046
0.3806151747703552
0.3571048080921173
0.3401681184768677
0.36715954542160034
0.37160930037498474
0.3748716115951538
0.38066911697387695
0.3709970712661743
0.39031365513801575
0.37385204434394836
0.3633732795715332
0.36106163263320923
0.3579367697238922
0.36121830344200134
0.37584972381591797
0.3436329662799835
0.39291414618492126
0.3782111406326294
0.37916746735572815
0.3591219186782837
0.36993274092674255
0.3679995536804199
0.36845824122428894
0.36338794231414795
0.3753335773944855
0.34844666719436646
0.37301912903785706
0.36017751693725586
0.3937143087387085
0.36744287610054016
0.38226327300071716
0.3696470856666565
0.34957611560821533
0.3726136386394501
0.3817369341850281
0.35086315870285034
0.3435238003730774
0.33656272292137146
0.36846068501472473
0.38249555230140686
0.38645094633102417
0.38219133019447327
0.3597865402698517
0.3563162386417389
0.38493552803993225
0.39096030592918396
0.3630715608596802
0.3690159320831299
0.3663511276245117
0.37833255529403687
0.36700475215911865
0.3783015310764313
0.36774715781211853
0.3711857199668884
0.38004034757614136
0.36504873633384705
0.3886964023113251
0.36415913701057434
0.36771446466445923
0.345361590385437
0.39826956391334534
0.3625263273715973
0.369585245847702
0.3410949110984802
0.3712659180164337
0.37925130128860474
0.3778996169567108
0.3792794346809387
0.3523162603378296
0.3616821765899658
0.36340636014938354
0.36183029413223267
0.3812536597251892
0.3355777859687805
0.377817302942276
0.3504323661327362
0.37860220670700073
0.3742351531982422
0.37897393107414246
0.3925333023071289
0.3775307536125183
0.3621024787425995
0.34546810388565063
0.36985111236572266
0.38018566370010376
0.36727452278137207
0.38039255142211914
0.38062942028045654
0.3902060091495514
0.36501163244247437
0.3719133734703064
0.35947322845458984
0.37594956159591675
0.39748841524124146
0.3887747526168823
0.36305156350135803
0.36593368649482727
0.3463285267353058
0.3629697859287262
0.3406183123588562
0.36949780583381653
0.35188108682632446
0.3612963557243347
0.35559505224227905
0.3613307476043701
0.36649560928344727
0.348272442817688
0.38605475425720215
0.3694344460964203
0.37223345041275024
0.3506004512310028
0.3625115156173706
0.3488253355026245
0.3517632782459259
0.38382235169410706
0.354830265045166
0.3714773654937744
0.3729749619960785
0.36442142724990845
0.3802524209022522
0.3758794963359833
0.3408353626728058
0.38647815585136414
0.3780505955219269
0.38085228204727173
0.3566540479660034
0.35885539650917053
0.3536202311515808
0.3439476490020752
