11.655415773391724

Mean Rank: 14, 3
Mean RR: 0.1965, 0.7026
Hit@1: 0.0560, 0.5477
Hit@3: 0.1914, 0.8260
Hit@5: 0.3086, 0.9009
Hit@10: 0.5484, 0.9652
0.7016593217849731
0.7011775970458984
0.6992862224578857
0.6975927352905273
0.6960506439208984
0.6953607797622681
0.69419926404953
0.6935032606124878
0.691484272480011
0.6891764998435974
0.6829307079315186
0.6771734356880188
0.6690093874931335
0.6570127010345459
0.6515913009643555
0.6338680386543274
0.6284996867179871
0.6204679608345032
0.6188797950744629
0.6243274807929993
0.6087660789489746
0.6005665063858032
0.6116847395896912
0.6023523807525635
0.5954756736755371
0.5982366800308228
0.597004234790802
0.5964277982711792
0.5970759391784668
0.5980843305587769
0.5761063098907471
0.5981895923614502
0.5978237986564636
0.5886020660400391
0.5948545336723328
0.5884501934051514
0.5697212815284729
0.5776404738426208
0.583223283290863
0.5749236941337585
0.575888454914093
0.5807608962059021
0.5842632055282593
0.5663567185401917
0.5700947046279907
0.5688945055007935
0.5843608379364014
0.5833117961883545
0.5757496356964111
0.5742006301879883
0.5886157751083374
0.5913792848587036
0.5776407718658447
0.5757616758346558
0.5737553238868713
0.5661394596099854
0.5623398423194885
0.5801148414611816
0.5776893496513367
0.581176221370697
0.574145495891571
0.5686274766921997
0.5756803750991821
0.5630818009376526
0.5718798041343689
0.5640849471092224
0.5600958466529846
0.5696403980255127
0.556153416633606
0.5731099247932434
0.5597251057624817
0.5620543956756592
0.5602738261222839
0.5603729486465454
0.5483278036117554
0.5620112419128418
0.5368512272834778
0.5439247488975525
0.541788637638092
0.5456369519233704
0.5438218712806702
0.5340352654457092
0.5279271006584167
0.5368794202804565
0.5282427072525024
0.5229523181915283
0.5395946502685547
0.5336654782295227
0.5322868824005127
0.5292125940322876
0.515260636806488
0.524842381477356
0.5232554078102112
0.5181488990783691
0.5081239938735962
0.51186603307724
0.5198462009429932
0.5160703659057617
0.5099526047706604
0.5202186703681946
0.5273632407188416
0.49811604619026184
0.4935055673122406
0.5012466311454773
0.5006293058395386
0.506115198135376
0.5038594603538513
0.5034428238868713
0.5103923082351685
0.49922695755958557
0.4964953660964966
0.49294131994247437
0.49797356128692627
0.4874728322029114
0.49753135442733765
0.505541205406189
0.48784157633781433
0.4761381447315216
0.5040181279182434
0.48488301038742065
0.48614275455474854
0.48628830909729004
0.4967949092388153
0.4863072335720062
0.48975685238838196
0.4766855239868164
0.4869595766067505
0.4829672873020172
0.4731496572494507
0.49856871366500854
0.4637182056903839
0.4830940365791321
0.47387346625328064
0.4800325334072113
0.49162954092025757
0.47641149163246155
0.49804407358169556
0.4704103469848633
0.501555323600769
0.4838970899581909
0.4731364846229553
0.4733486473560333
0.4827827215194702
0.4735253155231476
0.4935341775417328
0.488625705242157
0.4783526360988617
0.47924402356147766
0.4871165454387665
0.4750407040119171
0.4764178395271301
0.48804590106010437
0.48683127760887146
0.4680229425430298
0.47988057136535645
0.4664849042892456
0.48146331310272217
0.4763225317001343
0.46221572160720825
0.4802776277065277
0.47297048568725586
0.46433955430984497
0.46898138523101807
0.4714641273021698
0.4747411906719208
0.4617946743965149
0.4827944338321686
0.4746871590614319
0.48295295238494873
0.46106767654418945
0.4733140170574188
0.4626585841178894
0.47066259384155273
0.4665272831916809
0.4619610011577606
0.48517662286758423
0.46705788373947144
0.46396467089653015
0.4547628164291382
0.4684011936187744
0.46296489238739014
0.4665707051753998
0.4635981619358063
0.4599626362323761
0.47018757462501526
0.46806779503822327
0.4844191074371338
0.46838295459747314
0.4738413691520691
0.4660344123840332
0.4842067360877991
0.45459499955177307
0.46457090973854065
0.45264390110969543
0.462839275598526
0.46745410561561584
0.4644699692726135
0.47402775287628174
0.4818570613861084
0.4666745066642761
0.4784412980079651
0.4461672306060791
0.47805729508399963
0.4634513258934021
0.45208126306533813
0.452462375164032
0.4620664715766907
0.46907857060432434
0.4561561644077301
0.4437548518180847
0.46918538212776184
0.4659464359283447
0.47434043884277344
0.4528297185897827
0.46255743503570557
0.4653717279434204
0.4520958960056305
0.47208482027053833
0.45897945761680603
0.47183671593666077
0.4540000259876251
0.46398723125457764
0.4609011113643646
0.4591086506843567
0.46991032361984253
0.4666428565979004
0.4595978856086731
0.4589959383010864
0.46955788135528564
0.45444512367248535
0.46157166361808777
0.4736299216747284
0.46653878688812256
0.45866480469703674
0.46187639236450195
0.4604910612106323
0.47445300221443176
0.4739942252635956
0.45067089796066284
0.47053584456443787
0.46466314792633057
0.45541834831237793
0.45466098189353943
0.46526485681533813
0.47534993290901184
0.48275357484817505
0.4734422564506531
0.46405085921287537
0.45068952441215515
0.4622240662574768
0.4554106295108795
0.46422162652015686
0.4622616171836853
0.45718637108802795
0.4516121745109558
0.460875004529953
0.4668400287628174
0.44587528705596924
0.45586884021759033
0.47010740637779236
0.4580473005771637
0.4457501471042633
0.4701066017150879
0.4725196063518524
0.4546774625778198
0.43892350792884827
0.47015073895454407
0.46678411960601807
0.46572357416152954
0.46842870116233826
0.45816126465797424
0.43967705965042114
0.4595116972923279
0.456910640001297
0.47617512941360474
0.47127851843833923
0.44954144954681396
0.46721622347831726
0.4541836082935333
0.4663459360599518
0.44779300689697266
0.469909131526947
0.44982030987739563
0.44790199398994446
0.4670412540435791
0.47814109921455383
0.45061394572257996
0.4395231306552887
0.4582726061344147
0.4587983787059784
0.4633173644542694
0.45008572936058044
0.4776396155357361
0.45411109924316406
0.45074647665023804
0.4477343261241913
0.45001962780952454
0.4698551297187805
0.4514925479888916
0.4755593240261078
0.45145183801651
0.4421507716178894
0.4354936480522156
0.45552900433540344
0.4476277232170105
0.4548409581184387
0.4542544186115265
0.4699416160583496
0.4789784550666809
0.46093085408210754
0.4350346326828003
0.46450263261795044
0.4522537887096405
0.4737461805343628
0.4566812515258789
0.4542224407196045
0.4533023238182068
0.4611184597015381
0.46573156118392944
0.45282527804374695
0.44233769178390503
0.46628594398498535
0.45724204182624817
0.4475370943546295
0.4676418900489807
0.45133736729621887
0.44644221663475037
0.4817802608013153
0.44343802332878113
0.46434980630874634
0.44374141097068787
0.4562565088272095
0.45308369398117065
0.44588232040405273
0.4616943895816803
0.4652573764324188
0.46617212891578674
0.45963382720947266
0.4585076570510864
0.46495509147644043
0.4700510799884796
0.4633117914199829
0.4515615999698639
0.4503878653049469
0.4627246856689453
0.4588093161582947
0.4609353244304657
0.4556419253349304
0.4464227259159088
0.45731139183044434
0.45206645131111145
0.4516794681549072
0.45294275879859924
0.4518227279186249
0.4452645182609558
0.4689697027206421
0.4658399820327759
0.4614463746547699
0.43733030557632446
0.4477475583553314
0.44657284021377563
0.4514842629432678
0.4684999883174896
0.44349348545074463
0.4636308252811432
0.4663272500038147
0.46691322326660156
0.47051283717155457
0.4584491550922394
0.45997220277786255
0.4530094563961029
0.45768824219703674
0.48097142577171326
0.4567030370235443
0.45657533407211304
0.4635877013206482
0.4422246217727661
0.4539496898651123
0.44356510043144226
0.4553808271884918
0.44227278232574463
0.4522246718406677
0.4448694586753845
0.4693337380886078
0.45248693227767944
0.4645809531211853
0.4521793723106384
0.4496625065803528
0.44578254222869873
0.44986188411712646
0.47534823417663574
0.445292592048645
0.4527599513530731
0.4539589285850525
0.45421117544174194
0.4491555094718933
0.449082612991333
0.44872531294822693
0.4441273510456085
0.45993223786354065
0.46658623218536377
0.46763062477111816
0.44236746430397034
0.45577892661094666
0.4568365812301636
0.4301697015762329
0.4608643054962158
0.4591754376888275
0.45634034276008606
0.46285954117774963
0.4613124132156372
0.44094017148017883
0.4617413580417633
0.44761353731155396
0.4306166172027588
0.4532586336135864
0.44947195053100586
0.4251551926136017
0.46788108348846436
0.46839621663093567
0.4471338987350464
0.43841466307640076
0.45135390758514404
0.4425666630268097
0.4574560225009918
0.4445686936378479
0.45269152522087097
0.4631901681423187
0.4727938771247864
0.4478313624858856
0.43133193254470825
0.427223801612854
0.4643169641494751
0.47016629576683044
0.47039732336997986
0.44726985692977905
0.4608595073223114
0.4228702485561371
0.4582628905773163
0.4733460247516632
0.4620111882686615
0.4609357714653015
0.47113674879074097
0.43829604983329773
0.43177351355552673
0.4617888927459717
0.452371746301651
0.4404546022415161
0.4574015736579895
0.4796476364135742
0.4314551055431366
0.48255521059036255
0.4585172235965729
0.4326286315917969
0.45516684651374817
0.4797813594341278
0.452944278717041
0.4413461983203888
0.4674561023712158
0.43727999925613403
0.45365309715270996
0.4365980625152588
0.46551427245140076
0.4546087086200714
0.4581754803657532
0.4433009624481201
0.4566345810890198
0.45833757519721985
0.45259007811546326
0.44924813508987427
0.459544837474823
0.43647703528404236
0.4474911689758301
0.4469013214111328
0.45448410511016846
0.4641517698764801
0.4501837193965912
0.4479726552963257
0.46539950370788574
0.4437713027000427
0.46046289801597595
0.4636434018611908
0.4380229115486145
0.4539368450641632
0.45990657806396484
0.4431295394897461
0.45707690715789795
0.45001569390296936
0.454284131526947
0.4544706642627716
0.4427095055580139
0.4438667297363281
0.4524015486240387
0.45631101727485657
0.4684595465660095
0.43251514434814453
0.448432594537735
0.4539380371570587
0.4552518427371979
0.4601735472679138
0.46131208539009094
0.4470352232456207
0.453163743019104
0.4604584574699402
0.45350509881973267
0.43699002265930176
0.4780276417732239
0.456211656332016
0.4417021870613098
0.4603082537651062
0.45573270320892334
0.45449545979499817
0.4511075019836426
0.45939451456069946
0.4468196630477905
0.4513886868953705
0.4516625702381134
0.4495324492454529
0.45955348014831543
0.453760027885437
0.43903663754463196
0.45558181405067444
0.4492698609828949
0.44511741399765015
0.4501764476299286
0.463248610496521
0.4566024839878082
0.4757029712200165
0.45369693636894226
0.4525064527988434
0.4596537947654724
0.4373823404312134
0.4519922733306885
0.4376212954521179
0.4511660635471344
0.4431682229042053
0.46973827481269836
0.4446758031845093
0.451459139585495
0.4793952703475952
0.44233763217926025
0.45572739839553833
0.4601505994796753
0.4629373252391815
0.4300547242164612
0.4451245069503784
0.450845867395401
0.459317147731781
0.4519420564174652
0.47030502557754517
0.4582369327545166
0.4487292468547821
0.4519978165626526
0.4537143111228943
0.4636109173297882
0.46236568689346313
0.45115238428115845
0.4453537166118622
0.44579291343688965
0.4733344316482544
0.4623028635978699
0.4689466953277588
0.4508434534072876
0.46509280800819397
0.43889856338500977
0.4267987012863159
0.44376078248023987
0.46692347526550293
0.4333372712135315
0.4761483371257782
0.44585075974464417
0.4465833902359009
0.44581830501556396
0.47435009479522705
0.4467003047466278
0.4496902823448181
0.4606354832649231
0.4620921015739441
0.448856383562088
0.45006388425827026
0.454166442155838
0.4231730103492737
0.44435954093933105
0.441097229719162
0.43902286887168884
0.4703746438026428
0.4469326436519623
0.44811663031578064
0.45032989978790283
0.44922107458114624
0.44012072682380676
0.4411334693431854
0.44581595063209534
0.4547952711582184
0.44870010018348694
0.45849189162254333
0.4443179965019226
0.45706120133399963
0.44641977548599243
0.4564664959907532
0.46294912695884705
0.4642055630683899
0.4581637382507324
0.4486580193042755
0.44107627868652344
0.4543056786060333
0.45320919156074524
0.4456019997596741
0.44216009974479675
0.4673421382904053
0.4381275475025177
0.45644378662109375
0.4556753933429718
0.4645776152610779
0.44927191734313965
0.45035886764526367
0.4394201636314392
0.463309645652771
0.4481267035007477
0.4482921063899994
0.4219810366630554
0.4433933198451996
0.4508712887763977
0.4567264914512634
0.4536086916923523
0.4540198743343353
0.4489414691925049
0.4441288411617279
0.46084412932395935
0.44271397590637207
0.4470689296722412
0.4489586055278778
0.4472125172615051
0.4504108130931854
0.4482928216457367
0.467109352350235
0.43814653158187866
0.43828487396240234
0.4481509029865265
0.44752711057662964
0.4554157555103302
0.4691135883331299
0.43893900513648987
0.45474720001220703
0.4492318034172058
0.4583805799484253
0.4401489496231079
0.44904154539108276
0.4531441926956177
0.4460260272026062
0.460761159658432
0.4450291097164154
0.43346911668777466
0.45299601554870605
0.4478902518749237
0.43761277198791504
0.44424834847450256
0.45395001769065857
0.48090800642967224
0.45530736446380615
0.4530930519104004
0.47034186124801636
0.44050946831703186
0.4728928208351135
0.43308761715888977
0.4434024691581726
0.42793595790863037
0.44209563732147217
0.46663230657577515
0.45797738432884216
0.47176411747932434
0.45160937309265137
0.44725748896598816
0.43867024779319763
0.43949928879737854
0.45238977670669556
0.44058895111083984
0.46378234028816223
0.456989049911499
0.45223468542099
0.4589753746986389
0.45631545782089233
0.4577188491821289
0.4508468210697174
0.4592330753803253
0.45216619968414307
0.4611836373806
0.4628336429595947
0.45968714356422424
0.45041215419769287
0.4414174556732178
0.4691660404205322
0.4544048607349396
0.46173095703125
0.4566071629524231
0.4433886408805847
0.44629061222076416
0.44009387493133545
0.44468674063682556
0.4433060586452484
0.4479829668998718
0.4605749845504761
0.43292272090911865
0.45078012347221375
0.43984419107437134
0.4459224045276642
0.45352011919021606
0.4473468065261841
0.47236472368240356
0.44746190309524536
0.45030301809310913
0.4631882309913635
0.44913434982299805
0.4579011797904968
0.44033971428871155
0.45308569073677063
0.45411327481269836
0.46683305501937866
0.41307803988456726
0.45967230200767517
0.4531857371330261
0.4501328468322754
0.4433901011943817
0.445350706577301
0.4557377099990845
0.4407309591770172
0.44959092140197754
0.44315826892852783
0.4360019862651825
0.43459388613700867
0.4534284174442291
0.43809789419174194
0.4635011851787567
0.4392140507698059
0.4688681364059448
0.4586568772792816
0.4345046877861023
0.44363653659820557
0.45499885082244873
0.4516254961490631
0.45448002219200134
0.4666663408279419
0.4560285210609436
0.44890937209129333
0.4324095845222473
0.43174728751182556
0.4602670669555664
0.4359261393547058
0.47545677423477173
0.4585351347923279
0.4471772313117981
0.4671143591403961
0.42639461159706116
0.46061375737190247
0.4704675078392029
0.44512733817100525
0.44507673382759094
0.45912888646125793
0.4504583775997162
0.42991217970848083
0.45056724548339844
0.4732692539691925
0.4591946303844452
0.4507591128349304
0.445501446723938
0.44197461009025574
0.4431840479373932
0.4520619511604309
0.45331424474716187
0.4408363699913025
0.45184290409088135
0.4392167627811432
0.46155205368995667
0.45801612734794617
0.4471181631088257
0.462246298789978
0.4629537761211395
0.4560387134552002
0.42595410346984863
0.455310195684433
0.4532422125339508
0.4515613615512848
0.446707546710968
0.4523186683654785
0.45821326971054077
0.4549725651741028
0.4432007670402527
0.4372630715370178
0.4512273669242859
0.4554133713245392
0.46880343556404114
0.4431339502334595
0.44273731112480164
0.45594990253448486
0.44990968704223633
0.4604611098766327
0.44936704635620117
0.4723047912120819
0.45786693692207336
0.45020464062690735
0.4610406160354614
0.45084428787231445
0.43280506134033203
0.452938973903656
0.4611673057079315
0.44043204188346863
0.44313085079193115
0.45990946888923645
0.4715556800365448
0.42439576983451843
0.43888548016548157
0.44957587122917175
0.4566335678100586
0.4640676975250244
0.4355848431587219
0.45170411467552185
0.4569070637226105
0.4446337819099426
0.4611096978187561
0.43675631284713745
0.4420444965362549
0.4509233236312866
0.4574957489967346
0.44261229038238525
0.44108492136001587
0.4707501232624054
0.44598686695098877
0.4646717309951782
0.4688989520072937
0.443202406167984
0.4546141028404236
0.4377789795398712
0.45184987783432007
0.4357936680316925
0.47131291031837463
0.4500088095664978
0.4530448019504547
0.45080962777137756
0.46158063411712646
0.44986456632614136
0.4486841559410095
0.44113561511039734
0.44540414214134216
0.4589982032775879
0.4558733105659485
0.45124560594558716
0.4396996796131134
0.4367651343345642
0.4481183886528015
0.44635558128356934
0.4475373923778534
0.4486417770385742
0.4645681083202362
0.4456888735294342
0.4480525553226471
0.446580171585083
0.4406764507293701
0.4465990662574768
0.44522207975387573
0.44435131549835205
0.4487397074699402
0.44675058126449585
0.44901585578918457
0.46495428681373596
0.45399045944213867
0.4491000473499298
0.4488496780395508
0.43821924924850464
0.44250887632369995
0.42586180567741394
0.43843281269073486
0.4672590494155884
0.4493735730648041
0.43815353512763977
0.47023633122444153
0.4343167245388031
0.4562610983848572
0.427944540977478
0.4497745931148529
0.4609311521053314
0.4498939514160156
0.4354091286659241
0.4438457787036896
0.4457564651966095
0.45244887471199036
0.43045368790626526
0.4592139422893524
0.4435265064239502
0.44852331280708313
0.4468885064125061
0.4315621554851532
0.45585519075393677
0.4358653426170349
0.45554685592651367
0.4275747537612915
0.4661177098751068
0.4480132460594177
0.45197999477386475
0.45356303453445435
0.44716960191726685
0.4357888996601105
0.47210729122161865
0.4710870087146759
0.45052555203437805
0.444458544254303
0.446915864944458
0.46902087330818176
0.4341537654399872
0.4364643692970276
0.4361443519592285
0.45112094283103943
0.4596115052700043
0.43674135208129883
0.4364079236984253
0.47328639030456543
0.45191583037376404
0.46387165784835815
0.43748342990875244
0.45672035217285156
0.4277702569961548
0.4523291289806366
0.43656882643699646
0.45303767919540405
0.4537719786167145
0.45807862281799316
0.46476414799690247
0.45172783732414246
0.4291543662548065
0.45507141947746277
0.42577436566352844
0.45578858256340027
0.4583764374256134
0.4647875130176544
0.44829362630844116
0.44201216101646423
0.4521790146827698
0.4449160397052765
0.43439781665802
0.4617188572883606
0.4604702889919281
0.45789724588394165
0.45859307050704956
0.4532420039176941
0.4404248595237732
0.4590994715690613
0.44328320026397705
0.45000573992729187
0.47282329201698303
0.4571232199668884
0.4434364438056946
0.4357995092868805
0.4499109089374542
0.4534777104854584
0.453408807516098
0.4471169710159302
0.43207427859306335
0.4521615207195282
0.4453396201133728
0.4498133063316345
0.4688284397125244
0.4494594633579254
0.4333874583244324
0.44547128677368164
0.4601767063140869
0.45020171999931335
0.4605507552623749
0.44858428835868835
0.443661093711853
0.45222359895706177
0.4352208971977234
0.44250473380088806
0.4559653401374817
0.45341962575912476
0.44387179613113403
0.4382287561893463
0.45934993028640747
0.43910589814186096
0.449771910905838
0.4495958089828491
0.4241800010204315
0.4501841962337494
0.45936939120292664
0.44214266538619995
0.424058198928833
0.4401140809059143
0.4488615095615387
0.4393917918205261
0.45974376797676086
0.4441445767879486
0.4379155933856964
0.4439104199409485
0.4782879054546356
0.455008864402771
0.4351583421230316
0.4447210431098938
0.4473704993724823
0.46432581543922424
0.4520830512046814
0.4446133077144623
0.44707953929901123
