Mean Rank: 16, 5
Mean RR: 0.2110, 0.7027
Hit@1: 0.0749, 0.5877
Hit@3: 0.1982, 0.7859
Hit@5: 0.3215, 0.8389
Hit@10: 0.5711, 0.8828
10.063335418701172
8.861947059631348
6.847126483917236
5.528094291687012
4.888253688812256
4.657620429992676
4.433442115783691
4.422638416290283
4.246734142303467
4.1043009757995605
4.202488899230957
4.134083271026611
4.105268478393555
4.037569999694824
4.001495361328125
3.994816780090332
4.03252649307251
3.892212390899658
3.900937080383301
3.9249773025512695
3.869781255722046
3.87978196144104
3.876589775085449
3.8597190380096436
3.842885732650757
3.7989389896392822
3.7709412574768066
3.8512890338897705
3.744947671890259
3.7504124641418457
3.8151943683624268
3.8235464096069336
3.7235045433044434
3.8315651416778564
3.8049263954162598
3.733985424041748
3.80098032951355
3.69319748878479
3.783658981323242
3.8087756633758545
3.7086236476898193
3.6871607303619385
3.75162410736084
3.7784781455993652
3.7067794799804688
3.710897445678711
3.6467976570129395
3.681974172592163
3.6627800464630127
3.6570589542388916
3.728759288787842
3.748561143875122
3.6875815391540527
3.6202073097229004
3.662379503250122
3.751072883605957
3.6895506381988525
3.677952289581299
3.6845123767852783
3.755823850631714
3.578794002532959
3.755906820297241
3.6824703216552734
3.681635856628418
3.7232468128204346
3.6758904457092285
3.6836867332458496
3.6959898471832275
3.5937085151672363
3.665069103240967
3.671358108520508
3.669538974761963
3.6448941230773926
3.7303600311279297
3.6372406482696533
3.6286561489105225
3.625424861907959
3.6828536987304688
3.7100162506103516
3.6980412006378174
3.662766218185425
3.6104538440704346
3.690124988555908
3.6195459365844727
3.641353130340576
3.6199865341186523
3.650904893875122
3.5679054260253906
3.6526002883911133
3.663825273513794
3.660618543624878
3.66935658454895
3.6680030822753906
3.623154640197754
3.635061740875244
3.7154998779296875
3.6473772525787354
3.66898512840271
3.6599090099334717
3.6081435680389404
