Mean Rank: 15, 3
Mean RR: 0.1830, 0.7198
Hit@1: 0.0514, 0.5537
Hit@3: 0.1672, 0.8691
Hit@5: 0.2867, 0.9266
Hit@10: 0.5204, 0.9614
0.8193231225013733
0.8522509336471558
0.906032145023346
0.8102421760559082
0.7642115354537964
0.7139925956726074
0.69587242603302
0.6637137532234192
0.6696386933326721
0.6273621320724487
0.5884411931037903
0.5841051340103149
0.583232045173645
0.5699410438537598
0.551354169845581
0.5284255743026733
0.5117254853248596
0.5037850141525269
0.5221315622329712
0.5292164087295532
0.4698776602745056
0.47862887382507324
0.48620766401290894
0.48281848430633545
0.4629679024219513
0.47930610179901123
0.4914040267467499
0.4719850420951843
0.46873146295547485
0.4706101715564728
0.4521808326244354
0.45809271931648254
0.47677916288375854
0.4544576108455658
0.46321651339530945
0.45633530616760254
0.42978185415267944
0.4376150965690613
0.45916539430618286
0.43134787678718567
0.4203091859817505
0.44229787588119507
0.43872901797294617
0.4228898286819458
0.4370744228363037
0.42254674434661865
0.45107442140579224
0.44661810994148254
0.4371296763420105
0.4369136393070221
0.4239228665828705
0.44096389412879944
0.43330615758895874
0.4387725591659546
0.4209798574447632
0.40997692942619324
0.4426855444908142
0.4404362440109253
0.4290839433670044
0.44627416133880615
0.4262580871582031
0.4104597866535187
0.4263019561767578
0.4185253381729126
0.4240625202655792
0.42736199498176575
0.42917826771736145
0.44260454177856445
0.41736137866973877
0.42510491609573364
0.4158788323402405
0.42333924770355225
0.4144865870475769
0.41986924409866333
0.40527403354644775
0.42789509892463684
0.39317786693573
0.41121000051498413
0.4324658513069153
0.4318147301673889
0.40792298316955566
0.39606451988220215
0.40709203481674194
0.42350518703460693
0.4086095988750458
0.41416695713996887
0.4199008345603943
0.41778630018234253
0.4277249574661255
0.4092007279396057
0.3900315761566162
0.42193129658699036
0.39799752831459045
0.420671284198761
0.40420931577682495
0.40848833322525024
0.41353878378868103
0.4125789403915405
0.4110172390937805
0.43118420243263245
0.4183385670185089
0.40296825766563416
0.4015268087387085
0.40327131748199463
0.4131026864051819
0.4068578779697418
0.41117316484451294
0.41075819730758667
0.42535400390625
0.42246511578559875
0.4067327380180359
0.40018582344055176
0.4091302156448364
0.39426785707473755
0.4188007116317749
0.41200634837150574
0.40662679076194763
0.4131765365600586
0.4175857603549957
0.4096682369709015
0.4059838652610779
0.4038788974285126
0.406279981136322
0.4119081199169159
0.407924085855484
0.406690388917923
0.40080341696739197
0.40977197885513306
0.39198386669158936
0.4138115346431732
0.37966281175613403
0.3877471089363098
0.39325374364852905
0.41328245401382446
0.4083571434020996
0.3923172354698181
0.42007747292518616
0.3982584476470947
0.4257850646972656
0.4138689935207367
0.3976637125015259
0.39547932147979736
0.4109598398208618
0.3893803060054779
0.42329323291778564
0.40794533491134644
0.3953925669193268
0.4127017855644226
0.4140205979347229
0.4102773070335388
0.39874669909477234
0.39854422211647034
0.40437179803848267
0.4096730351448059
0.4080808758735657
0.39942657947540283
0.41040635108947754
0.40794315934181213
0.38623541593551636
0.4067224860191345
0.4067160487174988
0.38223016262054443
0.39166390895843506
0.390802264213562
0.41216397285461426
0.3895163834095001
0.4180523157119751
0.39964741468429565
0.41949182748794556
0.3996124565601349
0.4101153016090393
0.38790103793144226
0.3947516679763794
0.3900293707847595
0.38652318716049194
0.412440687417984
0.39666420221328735
0.39403992891311646
0.38918083906173706
0.4109564423561096
0.3926754593849182
0.383872926235199
0.38162538409233093
0.39177829027175903
0.4109283983707428
0.41540324687957764
0.430539071559906
0.39561471343040466
0.3997225761413574
0.3998519778251648
0.416290819644928
0.39017558097839355
0.40397390723228455
0.3818438649177551
0.39469200372695923
0.4033252000808716
0.39425572752952576
0.40759748220443726
0.41386884450912476
0.39576640725135803
0.4142165780067444
0.38519811630249023
0.4163694679737091
0.3892017900943756
0.39301419258117676
0.3775089681148529
0.39543211460113525
0.41898512840270996
0.3900871276855469
0.3662092089653015
0.40838390588760376
0.38460773229599
0.4098455309867859
0.37637120485305786
0.3964812159538269
0.3959256112575531
0.3992328643798828
0.4083736836910248
0.39028555154800415
0.3982037305831909
0.3714978098869324
0.402072012424469
0.3871020972728729
0.3934088349342346
0.40501490235328674
0.39423274993896484
0.3986928462982178
0.38580456376075745
0.421421080827713
0.37855958938598633
0.38775551319122314
0.3910672962665558
0.40167486667633057
0.4060630202293396
0.3850415349006653
0.3977051377296448
0.4007977247238159
0.4071560800075531
0.38311970233917236
0.40551719069480896
0.3882114291191101
0.3901723325252533
0.38018184900283813
0.3977116346359253
0.4172416925430298
0.41232120990753174
0.4046206474304199
0.40374600887298584
0.383343905210495
0.39973947405815125
0.3897523283958435
0.4025381803512573
0.41010674834251404
0.38744306564331055
0.3865692913532257
0.3845236897468567
0.4032787084579468
0.3862941861152649
0.39499223232269287
0.40222615003585815
0.3948465883731842
0.37652525305747986
0.39795494079589844
0.40273773670196533
0.3769753575325012
0.39136654138565063
0.4019404649734497
0.40444254875183105
0.3988022208213806
0.39147651195526123
0.3895440101623535
0.367942750453949
0.3952910304069519
0.37989938259124756
0.40166205167770386
0.40452146530151367
0.38940495252609253
0.40369799733161926
0.38510122895240784
0.3992253541946411
0.3748333156108856
0.40967124700546265
0.3914377689361572
0.3775668144226074
0.3907974362373352
0.4108589291572571
0.37960660457611084
0.3808830678462982
0.3894004225730896
0.40105488896369934
0.3945361077785492
0.3921157121658325
0.40993210673332214
0.3981301784515381
0.3872266113758087
0.3798658549785614
0.3959159851074219
0.3946586847305298
0.37866801023483276
0.39988386631011963
0.3824634850025177
0.3704872131347656
0.36848556995391846
0.4012363851070404
0.3870437741279602
0.4004787802696228
0.3843856453895569
0.3966405987739563
0.4110288918018341
0.3921504020690918
0.36135947704315186
0.3883873224258423
0.38585972785949707
0.4131561517715454
0.403382271528244
0.3905894458293915
0.3962622582912445
0.39339256286621094
0.4075298309326172
0.38194313645362854
0.36973658204078674
0.4135899543762207
0.3924289047718048
0.3856875002384186
0.40625011920928955
0.3828217387199402
0.37243619561195374
0.4116356670856476
0.37360596656799316
0.3964242935180664
0.37686508893966675
0.3849486708641052
0.38003069162368774
0.3857612609863281
0.38913673162460327
0.40321964025497437
0.402961790561676
0.3971885144710541
0.3895922005176544
0.40769660472869873
0.4034683108329773
0.37964150309562683
0.38234496116638184
0.3892521560192108
0.3959393799304962
0.40054672956466675
0.4050440788269043
0.3878944516181946
0.38566410541534424
0.40277525782585144
0.3866225481033325
0.3926224410533905
0.3892321288585663
0.37848031520843506
0.38093194365501404
0.39682358503341675
0.4006645977497101
0.3945561349391937
0.3781746029853821
0.38325801491737366
0.37522196769714355
0.3819921612739563
0.39793556928634644
0.3763987421989441
0.3960503339767456
0.4147864878177643
0.39733633399009705
0.4134715795516968
0.39297744631767273
0.40651220083236694
0.3787167966365814
0.3949682414531708
0.411906361579895
0.3871374726295471
0.40047451853752136
0.39575105905532837
0.3857380151748657
0.39219480752944946
0.3755289316177368
0.4010952413082123
0.38011905550956726
0.38254785537719727
0.37066906690597534
0.4034731686115265
0.39670437574386597
0.3954129219055176
0.389664888381958
0.3868945240974426
0.3935658931732178
0.3840274214744568
0.4237774610519409
0.37942516803741455
0.3890452980995178
0.38923510909080505
0.3877265453338623
0.37719231843948364
0.3924781382083893
0.3869195282459259
0.37282031774520874
0.40275394916534424
0.4034918248653412
0.4015299081802368
0.37442314624786377
0.3823300898075104
0.39448267221450806
0.3788655996322632
0.39122408628463745
0.3890884518623352
0.3904429078102112
0.3917452096939087
0.38866955041885376
0.3757428526878357
0.39543789625167847
0.38224828243255615
0.3703154921531677
0.38415390253067017
0.38512247800827026
0.3617924451828003
0.40946274995803833
0.4059980511665344
0.3700879216194153
0.36943501234054565
0.38194912672042847
0.37056490778923035
0.39774981141090393
0.3884110748767853
0.3873441219329834
0.3968466520309448
0.4088956117630005
0.3781898617744446
0.35606056451797485
0.36333590745925903
0.3938549757003784
0.4072226881980896
0.4139951169490814
0.3795604407787323
0.39238590002059937
0.3717035949230194
0.3921937346458435
0.4137859344482422
0.3940384089946747
0.38901522755622864
0.41062819957733154
0.37443816661834717
0.3619458079338074
0.3947456479072571
0.39394688606262207
0.3782380223274231
0.38919639587402344
0.4225804805755615
0.3672776520252228
0.41405317187309265
0.4034320116043091
0.3671376705169678
0.39616769552230835
0.41377121210098267
0.3848380446434021
0.3755815029144287
0.390286922454834
0.37117239832878113
0.37412482500076294
0.3750475347042084
0.402241051197052
0.3964373469352722
0.39452776312828064
0.3872036039829254
0.39416855573654175
0.3896453082561493
0.3830367922782898
0.3913283348083496
0.3870883882045746
0.38049882650375366
0.39271068572998047
0.3735857605934143
0.38619863986968994
0.39561158418655396
0.3900604248046875
0.38036757707595825
0.3972474932670593
0.37482500076293945
0.40327173471450806
0.38805264234542847
0.3755483031272888
0.3913037180900574
0.38961273431777954
0.3718111515045166
0.403822124004364
0.3872551918029785
0.38882094621658325
0.3950837552547455
0.3745913505554199
0.38069045543670654
0.38669246435165405
0.38728049397468567
0.40316423773765564
0.37325361371040344
0.37331366539001465
0.3910413980484009
0.385041207075119
0.4011313319206238
0.3938761055469513
0.38147735595703125
0.3720487952232361
0.4024820327758789
0.38482749462127686
0.37491869926452637
0.41853973269462585
0.38853922486305237
0.37675046920776367
0.3895809054374695
0.3920501470565796
0.38266536593437195
0.37749624252319336
0.3964189291000366
0.38621726632118225
0.38127589225769043
0.3822287619113922
0.3823300004005432
0.3950411081314087
0.3840983510017395
0.37123629450798035
0.3921833038330078
0.3752608895301819
0.3760923743247986
0.3831574618816376
0.3944986164569855
0.38960105180740356
0.41535842418670654
0.3969607651233673
0.39901652932167053
0.3852015733718872
0.3706939220428467
0.4067942500114441
0.36545997858047485
0.3850215673446655
0.3746185302734375
0.4078599214553833
0.3779865801334381
0.38712453842163086
0.41518735885620117
0.3766457438468933
0.377400279045105
0.4051302671432495
0.4033365547657013
0.3742747902870178
0.3721834421157837
0.38698703050613403
0.3921014666557312
0.3867522180080414
0.3951396346092224
0.39903247356414795
0.3835846185684204
0.38344332575798035
0.3754410743713379
0.39626672863960266
0.4024217128753662
0.39168575406074524
0.36856651306152344
0.37129247188568115
0.4061371684074402
0.3984254002571106
0.3955249786376953
0.3825012743473053
0.39605316519737244
0.37256282567977905
0.3595069646835327
0.37612494826316833
0.4119759202003479
0.379450261592865
0.40974563360214233
0.3722669780254364
0.3758029341697693
0.3793066143989563
0.41840797662734985
0.3929288387298584
0.3847638964653015
0.3968033790588379
0.3905165493488312
0.38646894693374634
0.3871503174304962
0.38743728399276733
0.3581029176712036
0.36782294511795044
0.3936713635921478
0.3825719356536865
0.39793503284454346
0.3811391592025757
0.38962680101394653
0.3783009946346283
0.3822862505912781
0.3835859000682831
0.3675961494445801
0.36682912707328796
0.3790750205516815
0.3855781555175781
0.3900696635246277
0.3790857791900635
0.3814025819301605
0.38537484407424927
0.39419418573379517
0.3932870626449585
0.41062724590301514
0.3912903964519501
0.38484346866607666
0.3672143816947937
0.3906301259994507
0.391327440738678
0.3854478895664215
0.376045286655426
0.40697890520095825
0.3683438301086426
0.3858148455619812
0.3858030140399933
0.39227691292762756
0.39844363927841187
0.3907727599143982
0.37508851289749146
0.40171903371810913
0.3821042776107788
0.3807312548160553
0.35832709074020386
0.3755313456058502
0.38319700956344604
0.385087788105011
0.38510143756866455
0.3984033763408661
0.3791920244693756
0.37116456031799316
0.3870484530925751
0.39211127161979675
0.38467830419540405
0.36825457215309143
0.3778775930404663
0.38183873891830444
0.37759944796562195
0.3959563374519348
0.37188106775283813
0.3946576416492462
0.37376970052719116
0.3796081840991974
0.3803468346595764
0.41100162267684937
0.3736536502838135
0.37840527296066284
0.3883364498615265
0.3856387138366699
0.36557120084762573
0.38142967224121094
0.3944435715675354
0.3810935616493225
0.38642460107803345
0.3752390742301941
0.3815934658050537
0.37655478715896606
0.36676526069641113
0.3785043954849243
0.3782206177711487
0.39006930589675903
0.4188902974128723
0.3918514847755432
0.3846514821052551
0.39546388387680054
0.38083404302597046
0.40390345454216003
0.3770143985748291
0.37633568048477173
0.3539646565914154
0.37447279691696167
0.4098329246044159
0.3876628279685974
0.39864519238471985
0.3859838843345642
0.37343597412109375
0.36730265617370605
0.37744855880737305
0.3821600079536438
0.37305888533592224
0.40157076716423035
0.4036039710044861
0.38084474205970764
0.3875247538089752
0.39165395498275757
0.3882957398891449
0.3849859833717346
0.3934282958507538
0.3911697268486023
0.38673922419548035
0.4001200795173645
0.38811713457107544
0.3971099853515625
0.37343063950538635
0.39877229928970337
0.38914918899536133
0.4010471701622009
0.39637404680252075
0.3779105544090271
0.37140923738479614
0.3731135129928589
0.38047075271606445
0.3788321316242218
0.3879501521587372
0.38263827562332153
0.36922723054885864
0.3835356831550598
0.3685470223426819
0.38783973455429077
0.38433513045310974
0.3765280246734619
0.4178926944732666
0.3806344270706177
0.38386186957359314
0.39309659600257874
0.37903809547424316
0.39792773127555847
0.3740668296813965
0.381017804145813
0.4010920226573944
0.3970911502838135
0.3487461507320404
0.40314602851867676
0.38658687472343445
0.38730090856552124
0.3656960725784302
0.3808116912841797
0.37870585918426514
0.3841196596622467
0.38314083218574524
0.37457311153411865
0.3873409628868103
0.3710363805294037
0.39473026990890503
0.3631173372268677
0.40463024377822876
0.3779153823852539
0.39468616247177124
0.3935636281967163
0.3632480204105377
0.377269983291626
0.3870076537132263
0.3893345892429352
0.3841184377670288
0.4021115303039551
0.38432252407073975
0.3835180699825287
0.372896283864975
0.3659532070159912
0.3993878960609436
0.37940043210983276
0.4085216820240021
0.3956582546234131
0.3838944137096405
0.3906633257865906
0.3537600636482239
0.4107568860054016
0.3950684070587158
0.37977373600006104
0.38246244192123413
0.39126741886138916
0.3929429352283478
0.3639552891254425
0.38279861211776733
0.4056747555732727
0.3989450931549072
0.38079994916915894
0.3762146830558777
0.37494325637817383
0.3755464255809784
0.3804927468299866
0.38472288846969604
0.37477633357048035
0.38219913840293884
0.3755331039428711
0.3926658034324646
0.39543840289115906
0.37722474336624146
0.39194512367248535
0.39469704031944275
0.3921877443790436
0.3556056618690491
0.3975259065628052
0.3779788613319397
0.38401904702186584
0.38971972465515137
0.38205230236053467
0.3875834345817566
0.3812326490879059
0.37847647070884705
0.37772005796432495
0.38839462399482727
0.3887381851673126
0.4038977324962616
0.3754028081893921
0.3688089847564697
0.39858314394950867
0.37674546241760254
0.3927936553955078
0.3746151626110077
0.4001902937889099
0.38305673003196716
0.3847307860851288
0.3985580503940582
0.3921920657157898
0.3689824044704437
0.38267648220062256
0.391583651304245
0.3752595782279968
0.3845149874687195
0.40102070569992065
0.39272868633270264
0.36503422260284424
0.36453843116760254
0.3911481499671936
0.3811337947845459
0.38963496685028076
0.36847907304763794
0.3814753293991089
0.39210033416748047
0.3900214433670044
0.39866364002227783
0.3741000294685364
0.36507338285446167
0.3835901916027069
0.38629549741744995
0.3862362504005432
0.35835397243499756
0.40498948097229004
0.38664039969444275
0.39520472288131714
0.40191614627838135
0.37066948413848877
0.3965245187282562
0.3603604733943939
0.3813014626502991
0.37670034170150757
0.4061693549156189
0.3874378204345703
0.3823315501213074
0.3837016224861145
0.38976120948791504
0.38080722093582153
0.3778883218765259
0.3749430477619171
0.36828216910362244
0.38723957538604736
0.3829633593559265
0.3980520963668823
0.37922587990760803
0.3743230104446411
0.37263762950897217
0.3786168694496155
0.38740798830986023
0.367950439453125
0.4030705392360687
0.37888655066490173
0.37672340869903564
0.3725298047065735
0.37885814905166626
0.3874979019165039
0.374428927898407
0.37698644399642944
0.36578571796417236
0.3802991509437561
0.3769083321094513
0.3955141305923462
0.3882151246070862
0.37666594982147217
0.3804551362991333
0.38234901428222656
0.3788277506828308
0.3579329252243042
0.3711806535720825
0.3949401080608368
0.3808284401893616
0.3635817766189575
0.40105360746383667
0.36907535791397095
0.3885921239852905
0.367281049489975
0.3900672197341919
0.39154964685440063
0.3817327618598938
0.36716264486312866
0.37855982780456543
0.3718656301498413
0.38701823353767395
0.3689572811126709
0.39011871814727783
0.3704986572265625
0.40044769644737244
0.37897011637687683
0.3492683470249176
0.4010085463523865
0.3602084517478943
0.3870443105697632
0.3767963945865631
0.3944012224674225
0.3849996328353882
0.3820458650588989
0.39126867055892944
0.3831566870212555
0.3571237325668335
0.39182713627815247
0.40624746680259705
0.37885910272598267
0.39459890127182007
0.3733208179473877
0.39852967858314514
0.38184046745300293
0.3670797646045685
0.36351877450942993
0.38634470105171204
0.37659934163093567
0.3647090196609497
0.36910751461982727
0.39534568786621094
0.38827332854270935
0.4140225052833557
0.36793386936187744
0.38799214363098145
0.3551291823387146
0.37927162647247314
0.37389931082725525
0.37553879618644714
0.3824149966239929
0.3952522277832031
0.4104021489620209
0.3873905837535858
0.352061003446579
0.39966824650764465
0.3624182939529419
0.3774447739124298
0.3915330171585083
0.39312732219696045
0.3750571608543396
0.36720186471939087
0.3972581624984741
0.39025765657424927
0.36951693892478943
0.4014739990234375
0.3840394616127014
0.3823567032814026
0.38913294672966003
0.3816812038421631
0.3812919557094574
0.3955102562904358
0.38039082288742065
0.3807874321937561
0.4061998724937439
0.3906574845314026
0.3729512095451355
0.37744295597076416
0.37067538499832153
0.3863447606563568
0.38559824228286743
0.3832557201385498
0.36823639273643494
0.40018242597579956
0.3740486204624176
0.3714231848716736
0.3974066972732544
0.3829331398010254
0.3564125895500183
0.39085376262664795
0.3928324580192566
0.38863781094551086
0.3894956111907959
0.37762337923049927
0.36931222677230835
0.3911127746105194
0.38168275356292725
0.3645514249801636
0.3937990963459015
0.3875509202480316
0.38113218545913696
0.36367136240005493
0.38222479820251465
0.36033564805984497
0.3870798349380493
0.38755136728286743
0.3652347922325134
0.3833904564380646
0.39554157853126526
0.3636506199836731
0.362190306186676
0.38592812418937683
0.3779933452606201
0.3714574873447418
0.3910274803638458
0.379585862159729
0.36703550815582275
0.3876245617866516
0.41788217425346375
0.3820743262767792
0.3636554181575775
0.37272214889526367
0.3824803829193115
0.39986497163772583
0.37926560640335083
0.3778716027736664
0.38115358352661133
