training time  11.184151411056519

Mean Rank: 19, 7
Mean RR: 0.1655, 0.4838
Hit@1: 0.0499, 0.3101
Hit@3: 0.1407, 0.5885
Hit@5: 0.2383, 0.7095
Hit@10: 0.4539, 0.8215
0.697461724281311
0.6978755593299866
0.6972333788871765
0.6963217258453369
0.6954916715621948
0.6944316029548645
0.6934133172035217
0.6910644173622131
0.686901330947876
0.6797133684158325
0.6677975058555603
0.6554679274559021
0.6425545811653137
0.6301442384719849
0.620653510093689
0.6003220081329346
0.6031743288040161
0.5935312509536743
0.5938124060630798
0.6008227467536926
0.5775973200798035
0.5781704187393188
0.5829599499702454
0.5817185640335083
0.579068660736084
0.575823962688446
0.5887213349342346
0.5709010362625122
0.5723628401756287
0.5734838247299194
0.5612041354179382
0.5820572972297668
0.5847066640853882
0.5775431394577026
0.5783265829086304
0.572208046913147
0.5517734289169312
0.5593951344490051
0.568345844745636
0.5524260401725769
0.5539252161979675
0.5665867328643799
0.5727702379226685
0.5579691529273987
0.5581783056259155
0.5483401417732239
0.5739935040473938
0.579882025718689
0.5601089596748352
0.5577579736709595
0.5734471678733826
0.5788092613220215
0.5646839141845703
0.5651050806045532
0.5630772113800049
0.5543861389160156
0.5638427734375
0.5714859366416931
0.5699350833892822
0.5666954517364502
0.5582406520843506
0.5628301501274109
0.5560508966445923
0.5517547130584717
0.5610366463661194
0.5533304214477539
0.5509076714515686
0.5591061115264893
0.5556929707527161
0.5532199144363403
0.5501027703285217
0.5415871739387512
0.5484135150909424
0.5548381805419922
0.5444729328155518
0.5592870116233826
0.5279101133346558
0.535972535610199
0.5397835969924927
0.5408287048339844
0.5432895421981812
0.5329979658126831
0.518692672252655
0.5458195805549622
0.5298717021942139
0.5179670453071594
0.5371880531311035
0.5289922952651978
0.5369082093238831
0.5166603922843933
0.5110951662063599
0.5220668315887451
0.515408992767334
0.5176920890808105
0.5063409209251404
0.5097307562828064
0.5194445252418518
0.5202150940895081
0.505643367767334
0.5118970274925232
0.5155611634254456
0.49841800332069397
0.4954929053783417
0.49885645508766174
0.5025269985198975
0.5010738968849182
0.5014889240264893
0.49425241351127625
0.512532651424408
0.4961344301700592
0.5029345750808716
0.49206775426864624
0.49301913380622864
0.47043025493621826
0.4953400790691376
0.5063855648040771
0.47734418511390686
0.47936686873435974
0.4897642135620117
0.49169114232063293
0.48677539825439453
0.4763140380382538
0.48226216435432434
0.48439058661460876
0.4873100221157074
0.4735720455646515
0.48173272609710693
0.4768584072589874
0.4709250330924988
0.48988333344459534
0.4593382179737091
0.470355361700058
0.46185359358787537
0.4857388436794281
0.4803521931171417
0.4691344201564789
0.4905364513397217
0.46861839294433594
0.49886178970336914
0.48393288254737854
0.4707503914833069
0.4685174524784088
0.4829896092414856
0.4525386691093445
0.489956259727478
0.47816041111946106
0.46927258372306824
0.4732227623462677
0.4873502850532532
0.47710683941841125
0.4765404164791107
0.4704827666282654
0.4770794212818146
0.47050026059150696
0.484942764043808
0.46615493297576904
0.47831636667251587
0.46826818585395813
0.4576839804649353
0.4780360758304596
0.46210286021232605
0.4576877951622009
0.4597402513027191
0.4634867012500763
0.4870721399784088
0.4612261652946472
0.4891582727432251
0.47321897745132446
0.480914831161499
0.4579460024833679
0.4758869707584381
0.45990246534347534
0.4755547344684601
0.46083423495292664
0.4548379182815552
0.4808388948440552
0.4546172618865967
0.45939546823501587
0.4583016037940979
0.48177140951156616
0.4644572138786316
0.460504949092865
0.4571055769920349
0.46309876441955566
0.47559303045272827
0.47871488332748413
0.4843435287475586
0.46739718317985535
0.473306268453598
0.4686805307865143
0.4842585027217865
0.4660462439060211
0.46134620904922485
0.4494476318359375
0.46716445684432983
0.46688777208328247
0.464862585067749
0.47817617654800415
0.4752519130706787
0.46957138180732727
0.48894402384757996
0.45317211747169495
0.4891430735588074
0.4594561457633972
0.45923638343811035
0.46198031306266785
0.4616548418998718
0.4800015091896057
0.4616472125053406
0.43615347146987915
0.46575596928596497
0.46852150559425354
0.4774436354637146
0.4490112364292145
0.47545501589775085
0.46995073556900024
0.45546266436576843
0.4871422052383423
0.4618404805660248
0.4593226909637451
0.44966161251068115
0.47134914994239807
0.4630994498729706
0.4593113362789154
0.47100138664245605
0.46518781781196594
0.4639069736003876
0.45789188146591187
0.4751204252243042
0.4578860402107239
0.47218626737594604
0.4698665738105774
0.45449894666671753
0.4761790931224823
0.46612441539764404
0.4582460820674896
0.47518691420555115
0.4752822816371918
0.44214490056037903
0.4908110797405243
0.4684217572212219
0.4528387188911438
0.45415860414505005
0.46036669611930847
0.5017832517623901
0.48989903926849365
0.47073209285736084
0.4630473256111145
0.45190009474754333
0.46709832549095154
0.4537019729614258
0.47129034996032715
0.47872671484947205
0.46165531873703003
0.46083423495292664
0.4644288420677185
0.4720101058483124
0.4507668912410736
0.4571288228034973
0.47938546538352966
0.46675410866737366
0.44453877210617065
0.46951615810394287
0.4878799319267273
0.4523705244064331
0.45458465814590454
0.47447726130485535
0.466010719537735
0.476301908493042
0.4672629237174988
0.45567259192466736
0.436056911945343
0.4682158827781677
0.46791040897369385
0.48502618074417114
0.4687424898147583
0.4504531919956207
0.4699586033821106
0.4506765604019165
0.46442344784736633
0.44766315817832947
0.47950121760368347
0.4434882402420044
0.458261102437973
0.47231578826904297
0.49195992946624756
0.4504269063472748
0.451595276594162
0.4679100513458252
0.4666876196861267
0.4698387086391449
0.4596470296382904
0.48811015486717224
0.4605851173400879
0.4608722925186157
0.44689831137657166
0.45148351788520813
0.47470173239707947
0.45709022879600525
0.476496160030365
0.4642236530780792
0.4526978135108948
0.4349878430366516
0.4767927825450897
0.4628841280937195
0.46382269263267517
0.4653872847557068
0.4623103141784668
0.4747762084007263
0.4619676470756531
0.4396856129169464
0.4695145785808563
0.45954275131225586
0.48029786348342896
0.4701022505760193
0.46503108739852905
0.4519192576408386
0.463442325592041
0.4820728003978729
0.4520860016345978
0.44707781076431274
0.46351587772369385
0.46326297521591187
0.4612899720668793
0.4726858139038086
0.4525800943374634
0.45017653703689575
0.49092772603034973
0.4474136531352997
0.47504907846450806
0.4531577527523041
0.4633798599243164
0.46052658557891846
0.4598861336708069
0.4628693461418152
0.4739861488342285
0.4649115800857544
0.4592556953430176
0.4729372560977936
0.4726506471633911
0.47041842341423035
0.45443859696388245
0.45541778206825256
0.44860684871673584
0.4769258499145508
0.4760286808013916
0.4802287220954895
0.4692404270172119
0.45219454169273376
0.4746258556842804
0.4665828049182892
0.4705035388469696
0.4605059027671814
0.45257261395454407
0.4519297778606415
0.4714369773864746
0.47318628430366516
0.47081223130226135
0.43784892559051514
0.4601838290691376
0.45354390144348145
0.45932942628860474
0.46320393681526184
0.4484233856201172
0.4736948311328888
0.4750685691833496
0.48020732402801514
0.4882519245147705
0.4582355320453644
0.47456395626068115
0.45718684792518616
0.4676651954650879
0.4792826175689697
0.46252012252807617
0.46355974674224854
0.47948163747787476
0.449068158864975
0.4674603044986725
0.4446150064468384
0.47227469086647034
0.44157084822654724
0.44429969787597656
0.4567579925060272
0.47016391158103943
0.46749255061149597
0.47506698966026306
0.45624494552612305
0.45547404885292053
0.46870657801628113
0.45991405844688416
0.49639812111854553
0.45397239923477173
0.4698079228401184
0.4644220471382141
0.46062132716178894
0.4473370909690857
0.4541184604167938
0.4567073881626129
0.4493264853954315
0.4739232361316681
0.4756924510002136
0.48279809951782227
0.45170336961746216
0.45754578709602356
0.47215765714645386
0.4353955090045929
0.47550904750823975
0.4711706042289734
0.46595072746276855
0.4668654501438141
0.46320074796676636
0.44967135787010193
0.47713300585746765
0.4589593708515167
0.4315330982208252
0.45727425813674927
0.45054110884666443
0.4319618344306946
0.48836109042167664
0.4759151339530945
0.45231524109840393
0.44601812958717346
0.4645102322101593
0.4484621286392212
0.463653564453125
0.4612382650375366
0.4684918224811554
0.46761539578437805
0.47326990962028503
0.4552551507949829
0.43069157004356384
0.4394046366214752
0.47070083022117615
0.47720447182655334
0.48645347356796265
0.4436274766921997
0.46727579832077026
0.4345775544643402
0.4776306748390198
0.4841884970664978
0.4812166094779968
0.462507039308548
0.49379661679267883
0.448072612285614
0.44108131527900696
0.4665410816669464
0.46568673849105835
0.44335222244262695
0.46934032440185547
0.48405855894088745
0.443101704120636
0.4859471619129181
0.47507813572883606
0.4407058358192444
0.4605241119861603
0.4962295889854431
0.45781177282333374
0.44326019287109375
0.46517282724380493
0.44373151659965515
0.45993077754974365
0.4568432569503784
0.4672326445579529
0.46296387910842896
0.47287026047706604
0.45556479692459106
0.4666686952114105
0.4669630527496338
0.45907244086265564
0.4709671139717102
0.46580272912979126
0.4575158953666687
0.47094398736953735
0.4555717706680298
0.4509473443031311
0.474057137966156
0.46022817492485046
0.46759095788002014
0.47216692566871643
0.44704732298851013
0.47777628898620605
0.4747806191444397
0.44485536217689514
0.45964691042900085
0.4754679203033447
0.4548526406288147
0.4647177755832672
0.4591045677661896
0.46789735555648804
0.47473418712615967
0.4487392008304596
0.4582131505012512
0.47157925367355347
0.4643126130104065
0.4732748866081238
0.44038447737693787
0.44656696915626526
0.4628746509552002
0.4657498300075531
0.4698263704776764
0.46755170822143555
0.4691137671470642
0.45083463191986084
0.4734417200088501
0.4645957946777344
0.44728973507881165
0.4887968897819519
0.4620624780654907
0.46068230271339417
0.46974319219589233
0.46772968769073486
0.4617350995540619
0.4581237733364105
0.4722783863544464
0.4564332365989685
0.44956648349761963
0.45947086811065674
0.466721773147583
0.46374863386154175
0.4550178050994873
0.4521389603614807
0.4608752131462097
0.4546372890472412
0.4555506110191345
0.4636470079421997
0.48307985067367554
0.4653431475162506
0.4868507385253906
0.4665670692920685
0.4580589234828949
0.46651703119277954
0.4454393684864044
0.46260544657707214
0.4321928322315216
0.4610742926597595
0.4553337097167969
0.48689568042755127
0.4547262191772461
0.4603428840637207
0.4936094284057617
0.46266111731529236
0.4590012729167938
0.4767257273197174
0.48151394724845886
0.44999808073043823
0.44875454902648926
0.45157885551452637
0.4718334674835205
0.4516911804676056
0.4697893261909485
0.48071280121803284
0.4584119915962219
0.4633476138114929
0.4584413468837738
0.4782210886478424
0.4842025637626648
0.460608571767807
0.44985997676849365
0.4405830204486847
0.4792647957801819
0.4724062979221344
0.46988850831985474
0.4729187488555908
0.4836907684803009
0.45588749647140503
0.4349818527698517
0.44270166754722595
0.48688989877700806
0.44496971368789673
0.48413142561912537
0.46252501010894775
0.45342355966567993
0.46362894773483276
0.48706334829330444
0.453754186630249
0.46759313344955444
0.4814070463180542
0.4656132459640503
0.46332961320877075
0.45638978481292725
0.4614938497543335
0.4347371459007263
0.4499557614326477
0.4588012993335724
0.4588598906993866
0.48000064492225647
0.4588853716850281
0.45705583691596985
0.4646434485912323
0.4593130648136139
0.45203375816345215
0.4539250433444977
0.46221351623535156
0.4545843005180359
0.4564405381679535
0.46327897906303406
0.44625791907310486
0.4679766893386841
0.44950729608535767
0.45954203605651855
0.470316082239151
0.4785851240158081
0.4668988287448883
0.45622098445892334
0.44377052783966064
0.46723923087120056
0.4698786735534668
0.45769745111465454
0.45962291955947876
0.47994840145111084
0.4539589285850525
0.4668773114681244
0.4695323705673218
0.4694245755672455
0.4634604752063751
0.459718257188797
0.45563167333602905
0.4804467260837555
0.4560372531414032
0.45383793115615845
0.43531137704849243
0.4649992883205414
0.45611727237701416
0.47251877188682556
0.4604536294937134
0.4631026089191437
0.4598791301250458
0.4415418207645416
0.46113523840904236
0.4743262529373169
0.4584006071090698
0.44511154294013977
0.45951002836227417
0.46364155411720276
0.4578853249549866
0.47540390491485596
0.4484850764274597
0.4443395733833313
0.45675361156463623
0.4635871350765228
0.46202465891838074
0.47962549328804016
0.44862762093544006
0.4605643153190613
0.4571726322174072
0.4718564450740814
0.4426112174987793
0.45561882853507996
0.4624640941619873
0.4589148759841919
0.4715222120285034
0.46403270959854126
0.4522573947906494
0.45307788252830505
0.45129892230033875
0.4425879716873169
0.4516323506832123
0.4669445753097534
0.494948148727417
0.4592827260494232
0.46647506952285767
0.4712439477443695
0.4520198106765747
0.47210392355918884
0.44443029165267944
0.45477408170700073
0.43019500374794006
0.4701133966445923
0.48358914256095886
0.47296708822250366
0.4735633432865143
0.4725203216075897
0.4468005299568176
0.44721874594688416
0.45406314730644226
0.45930996537208557
0.4587063789367676
0.47751355171203613
0.4760195314884186
0.4559399485588074
0.4674692451953888
0.4673507511615753
0.45401567220687866
0.45568403601646423
0.4728633761405945
0.47020599246025085
0.4695504903793335
0.47303029894828796
0.4708738923072815
0.4687650203704834
0.4468246102333069
0.4750387668609619
0.465971440076828
0.46686026453971863
0.4717750549316406
0.45654410123825073
0.44738197326660156
0.45931851863861084
0.4626598358154297
0.4476240873336792
0.4681234359741211
0.46058389544487
0.4361942708492279
0.46251821517944336
0.4457922577857971
0.46107882261276245
0.4664742350578308
0.46321213245391846
0.485892653465271
0.464553564786911
0.4634610712528229
0.4654120206832886
0.4630139470100403
0.48083245754241943
0.45201295614242554
0.4620460569858551
0.46696972846984863
0.47188055515289307
0.4240610897541046
0.47749900817871094
0.46648165583610535
0.4620482921600342
0.45021212100982666
0.4567144513130188
0.45933347940444946
0.4533178508281708
0.46416211128234863
0.44752734899520874
0.4599466323852539
0.45232951641082764
0.46958059072494507
0.4537217617034912
0.48396962881088257
0.44958558678627014
0.4753912687301636
0.4740176200866699
0.4436038136482239
0.4537169337272644
0.4668964743614197
0.4590069651603699
0.4615056812763214
0.4721554219722748
0.4684101343154907
0.4537622332572937
0.45120760798454285
0.44162899255752563
0.4692833423614502
0.44890180230140686
0.4750356078147888
0.4742226004600525
0.4546995162963867
0.47191867232322693
0.4432236850261688
0.477090448141098
0.4702880382537842
0.4610220789909363
0.46073117852211
0.4741309881210327
0.46517810225486755
0.4462340474128723
0.4563310742378235
0.49410152435302734
0.4663260281085968
0.45308125019073486
0.45788347721099854
0.4578036665916443
0.45386597514152527
0.4666275382041931
0.4713556170463562
0.4521578252315521
0.45569196343421936
0.4511535167694092
0.4725175201892853
0.4692339301109314
0.4662313759326935
0.47450852394104004
0.469083696603775
0.4547286629676819
0.4382895529270172
0.46215227246284485
0.4659881591796875
0.46688151359558105
0.4668562412261963
0.46302294731140137
0.4651585519313812
0.46021568775177
0.44938352704048157
0.44101062417030334
0.46721208095550537
0.4688779413700104
0.47899144887924194
0.4530283510684967
0.4540403485298157
0.4708642065525055
0.4618430733680725
0.4680021405220032
0.4543674886226654
0.4876836836338043
0.4654005467891693
0.46748363971710205
0.47047239542007446
0.4678801894187927
0.4560282230377197
0.46640992164611816
0.46957382559776306
0.45281678438186646
0.4508727192878723
0.4755748212337494
0.48333197832107544
0.44418972730636597
0.4420415461063385
0.4626271724700928
0.4607560634613037
0.47134479880332947
0.4522517919540405
0.46581554412841797
0.4812776446342468
0.4628404676914215
0.4761714041233063
0.44769707322120667
0.44703900814056396
0.46184560656547546
0.4655197262763977
0.46062618494033813
0.43981707096099854
0.4921858608722687
0.470331609249115
0.47228288650512695
0.48355722427368164
0.4573647081851959
0.4720132350921631
0.4578535854816437
0.4560842216014862
0.4526381492614746
0.47865670919418335
0.4666420817375183
0.46725761890411377
0.45651113986968994
0.467631459236145
0.4610101282596588
0.4613848924636841
0.4491347670555115
0.45744895935058594
0.47596311569213867
0.4596497416496277
0.4608258903026581
0.46693700551986694
0.45939579606056213
0.45213598012924194
0.4545069634914398
0.4627178907394409
0.45605045557022095
0.47655439376831055
0.45290499925613403
0.4666348993778229
0.45910269021987915
0.45317062735557556
0.4568890929222107
0.45335298776626587
0.4579382538795471
0.4468548893928528
0.45766839385032654
0.4514652490615845
0.4774077832698822
0.48120519518852234
0.4703327417373657
0.458484023809433
0.45643675327301025
0.4450770914554596
0.4388599097728729
0.4569180905818939
0.4772465229034424
0.4498295783996582
0.44874000549316406
0.4761459231376648
0.44192585349082947
0.47640693187713623
0.44441574811935425
0.45613521337509155
0.46713918447494507
0.4604015648365021
0.44371870160102844
0.45405885577201843
0.4537396728992462
0.46757766604423523
0.445578008890152
0.47172388434410095
0.456537127494812
0.46433019638061523
0.4583355784416199
0.4361000657081604
0.46309417486190796
0.4421643316745758
0.4652998149394989
0.4390750527381897
0.4876570999622345
0.4764770567417145
0.46178126335144043
0.45694276690483093
0.4671958088874817
0.447956919670105
0.47555601596832275
0.4801061451435089
0.4664947986602783
0.46400463581085205
0.4492446184158325
0.478278249502182
0.4522421956062317
0.4541512727737427
0.441608190536499
0.4738198220729828
0.4549069106578827
0.44116654992103577
0.4564909040927887
0.48890912532806396
0.46204957365989685
0.48103201389312744
0.45237118005752563
0.4592840373516083
0.43843698501586914
0.46173080801963806
0.46607697010040283
0.4558919072151184
0.45876508951187134
0.47000542283058167
0.48546215891838074
0.474350243806839
0.43529021739959717
0.46330320835113525
0.4333930015563965
0.4618884325027466
0.48508983850479126
0.4716768264770508
0.45824548602104187
0.4555230140686035
0.46218645572662354
0.4641003906726837
0.44196873903274536
0.47277820110321045
0.46709203720092773
0.46957606077194214
0.46935155987739563
0.4607136845588684
0.4435323476791382
0.46726906299591064
0.44860169291496277
0.46034184098243713
0.480049192905426
0.46476277709007263
0.45703521370887756
0.4533884525299072
0.45611321926116943
0.46177130937576294
0.470625638961792
0.46521085500717163
0.4453635811805725
0.4651120901107788
0.446399986743927
0.4566832184791565
0.4822133481502533
0.4667973220348358
0.4330160617828369
0.45887741446495056
0.47731712460517883
0.463672399520874
0.4636988043785095
0.46308717131614685
0.452338308095932
0.46922925114631653
0.44670921564102173
0.4491836428642273
0.46254464983940125
0.47368088364601135
0.450442910194397
0.4430476725101471
0.47404932975769043
0.44557392597198486
0.4645882248878479
0.4643818140029907
0.4366743564605713
0.4573032557964325
0.4677042067050934
0.44686654210090637
0.42670559883117676
0.46444737911224365
0.4562031030654907
0.4492976665496826
0.46586695313453674
0.45808303356170654
0.4475991725921631
0.4679318070411682
0.4849663972854614
0.45805037021636963
0.45357826352119446
0.45589739084243774
0.45386555790901184
0.4764496088027954
0.4579811692237854
0.44958338141441345
0.4592060148715973
