Mean Rank: 16, 6
Mean RR: 0.2015, 0.6001
Hit@1: 0.0711, 0.4667
Hit@3: 0.2065, 0.6868
Hit@5: 0.2943, 0.7413
Hit@10: 0.4902, 0.8449
2.0531723499298096
1.5938446521759033
1.1646384000778198
0.9160813689231873
0.6410617828369141
0.5681666135787964
0.5172655582427979
0.46189016103744507
0.3491298258304596
0.3873423933982849
0.23078547418117523
0.2344949096441269
0.1827857345342636
0.2631262242794037
0.20022627711296082
0.20036323368549347
0.1912536323070526
0.11885149776935577
0.16550612449645996
0.11877737939357758
0.11045075953006744
0.07461388409137726
0.1300925612449646
0.11505872011184692
0.09037528932094574
0.09600995481014252
0.08688563108444214
0.10903483629226685
0.05703269690275192
0.10190434753894806
0.06366916000843048
0.059816136956214905
0.03306134417653084
0.06862431764602661
0.049380410462617874
0.07260820269584656
0.03775842487812042
0.06240289285778999
0.06888832896947861
0.04650892689824104
0.07351381331682205
0.0846317857503891
0.05098880082368851
0.04749542102217674
0.05693285912275314
0.042164962738752365
0.03573794290423393
0.037638094276189804
0.05660198628902435
0.040539540350437164
0.047481730580329895
0.04326349496841431
0.032472677528858185
0.03750668466091156
0.032409776002168655
0.0344344824552536
0.022129427641630173
0.03743491694331169
0.046017974615097046
0.03227994218468666
0.029839660972356796
0.013458456844091415
0.03181906417012215
0.04369103163480759
0.030111679807305336
0.013908497989177704
0.014551594853401184
0.03425084799528122
0.02849310263991356
0.026689518243074417
0.012037474662065506
0.02352268248796463
0.016388781368732452
0.031528864055871964
0.018585726618766785
0.019457701593637466
0.019992336630821228
0.025249186903238297
0.018620353192090988
0.04968447610735893
0.025452613830566406
0.023740064352750778
0.01882242038846016
0.02455770969390869
0.025144843384623528
0.022022545337677002
0.016213130205869675
0.030865363776683807
0.018766582012176514
0.039150726050138474
0.011587902903556824
0.010809551924467087
0.01213102787733078
0.018983758985996246
0.027576252818107605
0.021659720689058304
0.018937472254037857
0.029099036008119583
0.013503193855285645
0.034717533737421036
0.013240907341241837
0.015495698899030685
0.015345197170972824
0.0111619234085083
0.017330016940832138
0.008479975163936615
0.021244540810585022
0.013638783246278763
0.015158887952566147
0.028295401483774185
0.018985234200954437
0.008726194500923157
0.00955025851726532
0.006431691348552704
0.01150447130203247
0.013115748763084412
0.012502036988735199
0.005195647478103638
0.006696037948131561
0.026780106127262115
0.008528366684913635
0.013424713164567947
0.012331169098615646
0.030447423458099365
0.012158811092376709
0.0009460523724555969
0.02012735977768898
0.014610055834054947
0.012943021953105927
0.025983501225709915
0.008492328226566315
0.006437372416257858
0.009114369750022888
0.01731865480542183
0.012459751218557358
0.0067647360265254974
0.021891653537750244
0.01192760095000267
0.011582273989915848
0.018704645335674286
0.01863478496670723
0.012715153396129608
0.0055966563522815704
0.010784801095724106
0.009062908589839935
0.003848925232887268
0.01971997693181038
0.012264978140592575
0.015401206910610199
0.015022356063127518
0.01201758161187172
0.010075286030769348
0.008539516478776932
0.009610060602426529
0.004982363432645798
0.012323569506406784
0.006361234933137894
0.0054368674755096436
0.025110729038715363
0.012858442962169647
0.01243671402335167
0.019881729036569595
0.010163508355617523
0.009664971381425858
0.014857552945613861
0.012004099786281586
0.016159407794475555
0.012150295078754425
0.0005833245813846588
0.00730288028717041
0.009439859539270401
0.014426274225115776
0.016459565609693527
0.01551162451505661
0.021980002522468567
0.008073199540376663
0.01734970137476921
0.0025992095470428467
0.00907425582408905
0.007132332772016525
0.0028380975127220154
0.002622615545988083
0.006787274032831192
0.0021382346749305725
0.009818855673074722
0.001905694603919983
0.012826453894376755
0.007389165461063385
0.003602750599384308
0.012331847101449966
0.004803776741027832
0.016494162380695343
0.00856579840183258
0.02384718507528305
0.004919011145830154
0.010212201625108719
0.007157314568758011
0.0052343979477882385
0.006167944520711899
0.00447271391749382
0.009466502815485
0.004077833145856857
0.009113993495702744
0.0018177404999732971
0.0013803131878376007
0.015701964497566223
0.012329179793596268
0.004510816186666489
0.010027341544628143
0.0033667907118797302
0.010638296604156494
0.0021175332367420197
0.007117811590433121
0.006681729108095169
0.005707308650016785
0.013241138309240341
0.004957985132932663
0.006862960755825043
0.00306035578250885
0.004831867292523384
0.01069808378815651
0.0024051591753959656
0.004368603229522705
0.0
0.003361795097589493
0.014027707278728485
0.007038671523332596
0.011719848960638046
0.004866436123847961
0.009386170655488968
0.0066747404634952545
0.0026497095823287964
0.011910289525985718
0.003391329199075699
0.009115148335695267
0.005611538887023926
0.0022951550781726837
0.004673127084970474
0.001522168517112732
0.008075416088104248
0.003462623804807663
0.0076119862496852875
0.008839359506964684
0.007733859121799469
0.009174186736345291
0.006126713007688522
0.0003277324140071869
0.0129208043217659
0.007285058498382568
0.022847719490528107
0.0004777759313583374
0.0064402371644973755
0.001923486590385437
0.010596871376037598
0.005420014262199402
0.009838864207267761
0.004264861345291138
0.002073325216770172
0.006100203841924667
0.004775401204824448
2.773478627204895e-05
0.004496756941080093
0.006681527942419052
0.006302889436483383
0.005050335079431534
0.013481788337230682
0.0019186362624168396
0.008119355887174606
0.007800731807947159
0.0038002431392669678
0.005058754235506058
0.006092142313718796
0.006194032728672028
0.0044403038918972015
0.007287409156560898
0.009665079414844513
0.014378562569618225
0.003541547805070877
0.00011189654469490051
0.002902034670114517
0.0036336593329906464
0.0017604082822799683
0.0026447661221027374
0.005615752190351486
0.002742316573858261
0.0026058144867420197
0.0038390904664993286
0.0006024166941642761
0.008324038237333298
0.0023392699658870697
0.0036839284002780914
0.008132420480251312
0.003737024962902069
0.010233409702777863
0.00516119971871376
0.0
0.0075608231127262115
0.003641527146100998
0.008071612566709518
0.011474285274744034
0.005057685077190399
0.0022568143904209137
0.00180034339427948
2.3867934942245483e-05
0.006330065429210663
0.001738961786031723
0.0020744651556015015
0.0020319782197475433
0.0037508830428123474
0.011229880154132843
0.0073325373232364655
0.006041128188371658
0.003652293235063553
0.009143862873315811
0.002239607274532318
0.001971285790205002
0.0027099065482616425
0.011102594435214996
0.0037600360810756683
0.006468880921602249
0.009728729724884033
0.0012644603848457336
0.0018215104937553406
0.004948563873767853
0.00786738470196724
0.001781277358531952
0.004136107861995697
0.0061579495668411255
0.004859477281570435
0.0018217898905277252
0.006011083722114563
0.008725356310606003
0.004283245652914047
0.003260470926761627
0.00502188503742218
0.005346342921257019
0.005432341247797012
0.0020402707159519196
0.0018709003925323486
0.0029002055525779724
0.0030882544815540314
0.004128322005271912
0.0004459470510482788
0.00047985464334487915
0.0006111226975917816
0.0019073039293289185
0.0019625909626483917
0.0040462687611579895
0.003905283287167549
0.0012375116348266602
0.002800174057483673
0.007138773798942566
0.0026672743260860443
0.002634067088365555
0.0038273893296718597
0.014041922986507416
0.003483239561319351
0.0013139322400093079
0.0
0.010474972426891327
6.83031976222992e-05
0.0005540922284126282
0.005910739302635193
0.001216646283864975
0.006856642663478851
0.0011214613914489746
0.0
0.0019476041197776794
0.006064318120479584
0.003177780658006668
0.0037505440413951874
0.0013848692178726196
0.0018711946904659271
0.002070195972919464
0.002525944262742996
0.002793341875076294
0.0035656020045280457
0.004998359829187393
0.0012666396796703339
0.00016114115715026855
0.00054197758436203
0.005790788680315018
0.0013634264469146729
0.0
0.007996302098035812
0.0003238990902900696
0.0064844414591789246
0.0011717788875102997
0.007209695875644684
0.0018185004591941833
0.006576552987098694
0.002402879297733307
0.0010327622294425964
0.0001281946897506714
0.004604361951351166
0.0017910860478878021
0.003047224134206772
0.002381652593612671
0.000231817364692688
0.003469213843345642
0.01540253683924675
0.004375133663415909
0.005053676664829254
0.0006525851786136627
0.006101373583078384
0.0015782900154590607
0.0010414794087409973
0.0039522722363471985
0.005096852779388428
0.0034857094287872314
0.00015591830015182495
0.004949145019054413
0.0016707144677639008
0.005230896174907684
0.004142425954341888
0.0011074729263782501
0.002157926559448242
0.001185137778520584
0.005843356251716614
7.046759128570557e-05
0.0022660940885543823
0.00846153125166893
0.004184167832136154
0.008546151220798492
0.0006524808704853058
0.005262978374958038
0.0027950890362262726
0.0034648068249225616
0.0022754035890102386
0.002534925937652588
0.0009292960166931152
0.004947632551193237
0.0059331804513931274
0.00850021094083786
0.001991838216781616
0.005043022334575653
0.000904865562915802
0.004037544131278992
0.0031858794391155243
0.0015809237957000732
0.003647811710834503
0.003281842917203903
0.004065986722707748
0.0014123283326625824
0.0027919188141822815
0.0003296695649623871
0.0007657967507839203
0.008998502045869827
0.006063077598810196
0.000963158905506134
0.006749086081981659
0.0037709958851337433
0.003275301307439804
0.003613550215959549
0.0020286813378334045
0.001780051738023758
0.00012113898992538452
0.003200806677341461
0.0030138082802295685
0.003836303949356079
0.002444114536046982
0.0035968273878097534
0.003135181963443756
0.0
0.001584421843290329
0.0019255056977272034
0.001835554838180542
0.003141414374113083
0.0059477947652339935
0.003501594066619873
0.0019931569695472717
0.0041428133845329285
0.0023065023124217987
0.001102931797504425
0.0010878145694732666
0.0005930177867412567
0.0
0.0
0.001112271100282669
0.005438700318336487
0.0
0.0004098266363143921
0.0013748928904533386
0.007778778672218323
0.008389074355363846
0.004301790148019791
0.0017539113759994507
0.0018390826880931854
0.0
0.001645989716053009
0.008967205882072449
0.00043512508273124695
0.0013600103557109833
0.0005676448345184326
0.003326117992401123
0.003519158810377121
0.00037159770727157593
0.004478823393583298
0.0030976831912994385
0.00043678656220436096
0.0012686774134635925
0.0
0.0043723732233047485
0.0031943470239639282
0.004591785371303558
2.4437904357910156e-06
0.002003498375415802
0.0007790811359882355
0.0019721761345863342
0.00042049214243888855
0.0004096031188964844
0.0015552602708339691
0.0011089406907558441
0.0028441734611988068
0.0036742985248565674
0.000995829701423645
0.0019751712679862976
0.00581756979227066
0.0008149817585945129
0.00020484626293182373
0.000978820025920868
0.00037793442606925964
0.0028115250170230865
0.0007027424871921539
0.0008464418351650238
0.00177774578332901
0.00279892235994339
1.6167759895324707e-05
0.0018194392323493958
0.0004615858197212219
0.0
0.004654057323932648
0.0011996850371360779
0.005141410976648331
0.00036381185054779053
0.0011827647686004639
0.0
0.0
0.0013055801391601562
0.002103980630636215
0.0029144473373889923
0.0016454681754112244
0.001201920211315155
0.0015730485320091248
0.0018872544169425964
0.0013587847352027893
0.0013706088066101074
0.0010543614625930786
0.01241324096918106
0.003763057291507721
0.0007563084363937378
0.0005362704396247864
0.0011565499007701874
0.0005113705992698669
0.0014391764998435974
0.0040147751569747925
0.00016573071479797363
0.004949958994984627
0.001391880214214325
0.002879071980714798
0.005409931764006615
0.0007219687104225159
0.005717312917113304
0.0032716207206249237
0.00020972639322280884
0.0001085624098777771
0.0001112818717956543
0.005527671426534653
0.0
0.0008367486298084259
0.002114593982696533
0.0022523216903209686
0.0030080974102020264
0.0
0.00024639442563056946
0.000913575291633606
7.578358054161072e-05
0.00222107395529747
0.0009669028222560883
0.0012070946395397186
0.0016638077795505524
0.0
0.0014978982508182526
0.0005119256675243378
0.0
0.0003000013530254364
0.002772558480501175
0.0022969841957092285
0.00026141852140426636
0.0007719323039054871
0.0005337372422218323
0.00024956464767456055
0.0015441961586475372
0.0008891485631465912
0.0020810142159461975
0.0007545240223407745
0.0030218251049518585
0.00189204141497612
0.00048023462295532227
0.0003617405891418457
0.006400173529982567
0.0024084150791168213
0.004008624702692032
3.8195401430130005e-05
0.006628800183534622
9.169057011604309e-05
0.0008777156472206116
0.002557218074798584
0.0
0.0017903000116348267
0.00021813437342643738
0.0008099637925624847
0.0
0.005186241120100021
0.0003005079925060272
0.0
0.003626052290201187
0.0027615986764431
0.0001225396990776062
0.0020102672278881073
0.0008387304842472076
9.495019912719727e-05
0.00011818483471870422
2.828240394592285e-05
0.002099432051181793
0.0007472895085811615
0.0033914148807525635
0.0004440508782863617
0.002015136182308197
0.0017067566514015198
0.0036027133464813232
0.0
0.0
0.0
0.0012585185468196869
0.0017248615622520447
0.0009040795266628265
0.0008924715220928192
0.0031030066311359406
0.0007143840193748474
0.00575694814324379
0.0009358711540699005
0.0014523379504680634
0.004267692565917969
0.0017406344413757324
0.0023710429668426514
0.00031487271189689636
0.0011062361299991608
0.0017971768975257874
0.003856442868709564
0.007674947381019592
0.006386011838912964
0.003935530781745911
0.00014152377843856812
0.0028638318181037903
0.0013898536562919617
0.0
0.000512249767780304
0.00038330256938934326
0.0014457255601882935
0.0011689253151416779
0.0
0.0009428821504116058
0.0003816373646259308
0.0006065219640731812
0.0002613775432109833
0.0010507069528102875
0.002525530755519867
0.002413347363471985
0.0
0.0014050789177417755
0.001338869333267212
0.0013033896684646606
0.0
0.0027612783014774323
0.0012438111007213593
0.00024468451738357544
0.000860556960105896
0.0
0.000651966780424118
0.0
0.0001940615475177765
0.001154869794845581
0.0013836845755577087
0.00014176219701766968
0.0
0.0004126429557800293
0.0007416196167469025
0.0
0.00042626261711120605
0.00041937455534935
0.000687137246131897
0.0061675868928432465
0.003080744296312332
0.0013173725455999374
0.00020108744502067566
9.339675307273865e-05
0.0005308277904987335
0.003678184002637863
0.0012967996299266815
0.000710267573595047
0.0015846341848373413
0.004678294062614441
0.0
0.0015397369861602783
0.002801932394504547
0.0036120563745498657
0.0011128336191177368
0.0007461085915565491
0.0007666163146495819
0.0034955739974975586
0.007728360593318939
0.0027844123542308807
0.0020684897899627686
0.0007326826453208923
0.0012525655329227448
0.0016574524343013763
0.0026675760746002197
0.0018247291445732117
0.0011319704353809357
0.00013002008199691772
0.0018646866083145142
1.8753111362457275e-05
0.0
0.00034769997000694275
0.0006073713302612305
0.0033225007355213165
0.004315998405218124
0.0005638152360916138
0.0
0.0
0.002214912325143814
0.0
0.006377808749675751
0.00013615190982818604
0.003649994730949402
0.0008214376866817474
0.0005554370582103729
0.0005070529878139496
0.0033972635865211487
0.0015904419124126434
0.0006107017397880554
0.00033159926533699036
0.0003262460231781006
0.00034720078110694885
0.0
0.0014429911971092224
0.0
6.484612822532654e-05
0.0009405538439750671
0.0
0.00039542093873023987
0.00039149075746536255
5.3841620683670044e-05
0.00042854994535446167
0.0
0.00015728920698165894
0.0002955533564090729
0.002223953604698181
0.0
0.0012553147971630096
0.000947803258895874
0.00015595927834510803
0.0016778968274593353
0.001015499234199524
0.0
0.0036373473703861237
0.0
0.0010828189551830292
0.0010586827993392944
0.00035981088876724243
0.0015260130167007446
0.0
0.0007172301411628723
0.002206966280937195
0.002081308513879776
0.0031994953751564026
0.003068879246711731
0.0
0.0028316527605056763
0.0
0.0
0.00020436197519302368
0.0
0.0
0.0029810629785060883
0.0002935938537120819
5.587935447692871e-08
0.00013456866145133972
3.271922469139099e-05
0.0005365274846553802
0.0
0.001000717282295227
0.0019034110009670258
0.00019985437393188477
0.002004239708185196
0.0
0.0
0.0014192648231983185
0.0035281702876091003
0.0003976672887802124
0.002699878066778183
0.00040728598833084106
0.0
0.0
0.0023658648133277893
2.9940158128738403e-05
0.0007304474711418152
0.0008447468280792236
0.0
0.0001369565725326538
0.0
0.00044443458318710327
0.0
0.002471279352903366
0.000134199857711792
0.0013030432164669037
0.003236822783946991
0.001998394727706909
0.0
0.0
0.00012363120913505554
0.0023269392549991608
0.0014342181384563446
0.0002182312309741974
0.0012948401272296906
0.0007666610181331635
0.0008789896965026855
0.002647005021572113
0.0
0.0
0.0010103769600391388
0.00043779611587524414
0.0006375908851623535
0.002832554280757904
0.001762527972459793
0.0018612034618854523
0.00044065341353416443
0.0
0.0028707049787044525
0.0005103126168251038
0.0013578198850154877
0.00035186856985092163
0.002829931676387787
0.0009183958172798157
0.0
0.0
0.004028946161270142
0.001172289252281189
0.00475296750664711
0.0006316639482975006
0.0
0.00036516785621643066
7.869675755500793e-05
6.033852696418762e-05
0.0
0.0003060959279537201
0.0005481801927089691
0.00012116879224777222
0.0010884888470172882
0.0
0.0005109049379825592
0.0
0.0002870634198188782
2.076476812362671e-05
0.00031879544258117676
0.0
0.0012172702699899673
0.0006537884473800659
0.0005416944622993469
0.0006641671061515808
0.0
0.0026325471699237823
0.0023948736488819122
0.003912966698408127
0.0003475956618785858
0.0
0.0
0.002215977758169174
0.0
0.0014925599098205566
0.0
0.00022814422845840454
0.0002797171473503113
0.0001150369644165039
0.00012348592281341553
0.0011584833264350891
0.004584264010190964
0.0027637407183647156
0.0
9.331107139587402e-05
0.0018064603209495544
0.0
0.000354669988155365
0.0013341717422008514
0.0010717734694480896
0.0
0.0
1.0460615158081055e-05
0.0017123185098171234
0.0
0.0
0.0016450919210910797
0.0
0.002453971654176712
0.0
0.002758484333753586
0.0008970946073532104
0.0003042295575141907
0.0
0.0
0.00033187493681907654
0.0018331333994865417
0.0
0.0
0.003572385758161545
0.0
0.0010523796081542969
0.002953633666038513
0.00045496225357055664
0.00028060004115104675
0.0005228109657764435
0.0003260374069213867
0.0016881152987480164
0.0
0.0
0.0
0.0
0.002690613269805908
0.00033442676067352295
0.0
0.0031028706580400467
0.00029788538813591003
0.00045438483357429504
0.0
0.0007272027432918549
0.0
0.0003573484718799591
0.0006870478391647339
0.00041930750012397766
0.0
0.0026082396507263184
0.0008341707289218903
0.0
0.0015720538794994354
0.0013312846422195435
0.0
0.002651061862707138
0.0007104091346263885
0.00030634552240371704
0.0001848749816417694
0.0005559101700782776
0.002110574394464493
0.0
0.0024580955505371094
0.0013144314289093018
0.0003930293023586273
0.0016782544553279877
0.000356968492269516
0.0002276487648487091
0.0
0.001633819192647934
0.004093065857887268
0.0006605759263038635
0.000722888857126236
0.0002399645745754242
0.0008478350937366486
0.000557582825422287
0.0
0.0008147433400154114
0.0
0.002772372215986252
0.0010128207504749298
0.00028755515813827515
0.0038518086075782776
0.0031270235776901245
0.0007285550236701965
0.0008835308253765106
0.0008560381829738617
0.0006971955299377441
0.0
0.006071748211979866
0.0
0.0
0.0
0.0026457831263542175
0.0010979995131492615
0.0008025169372558594
0.0016589686274528503
0.0
0.005471520125865936
0.0006348676979541779
0.00032043829560279846
0.0016168467700481415
0.0
0.0
0.0008545368909835815
0.0004240795969963074
0.004160970449447632
0.0012742392718791962
