Mean Rank: 15, 5
Mean RR: 0.2033, 0.6558
Hit@1: 0.0658, 0.5144
Hit@3: 0.1982, 0.7648
Hit@5: 0.3056, 0.8275
Hit@10: 0.5484, 0.8918
0.697494626045227
0.6977278590202332
0.6967334151268005
0.6956599354743958
0.6944449543952942
0.6920889616012573
0.6889950633049011
0.68146812915802
0.673525333404541
0.6595643162727356
0.636960506439209
0.613251268863678
0.6028866767883301
0.575873851776123
0.5618199110031128
0.541298508644104
0.5266788005828857
0.5032596588134766
0.481594055891037
0.4710019826889038
0.4517865478992462
0.4305698573589325
0.40700018405914307
0.38292065262794495
0.3789571523666382
0.3748567998409271
0.3553726077079773
0.3547682464122772
0.3393591642379761
0.32724693417549133
0.30783310532569885
0.3062983751296997
0.3149815499782562
0.30229461193084717
0.3129453957080841
0.289338082075119
0.2992745637893677
0.3088538348674774
0.30370384454727173
0.29434990882873535
0.28083208203315735
0.2781866192817688
0.29682397842407227
0.28515204787254333
0.2712945342063904
0.2864146828651428
0.27388399839401245
0.27191853523254395
0.27708137035369873
0.27800101041793823
0.26553067564964294
0.2767239809036255
0.270882785320282
0.2660057246685028
0.25486496090888977
0.2696039080619812
0.2818962037563324
0.2677067518234253
0.26566872000694275
0.2640688121318817
0.2630389928817749
0.2572435736656189
0.26352328062057495
0.2627943456172943
0.24776020646095276
0.2623834013938904
0.26205483078956604
0.2602298855781555
0.25793522596359253
0.27730536460876465
0.2672024965286255
0.23880907893180847
0.2612881064414978
0.25792160630226135
0.2718518376350403
0.2603726387023926
0.24377869069576263
0.2349877953529358
0.26834458112716675
0.25653836131095886
0.2515241503715515
0.2525871694087982
0.24507975578308105
0.262699693441391
0.2416372001171112
0.255826473236084
0.23788051307201385
0.2515960931777954
0.25283870100975037
0.26161232590675354
0.25157666206359863
0.2508113384246826
0.2583102285861969
0.2742989659309387
0.24535945057868958
0.25795799493789673
0.25205421447753906
0.24157479405403137
0.2507983446121216
0.2492680549621582
0.26315292716026306
0.2459387481212616
0.23774757981300354
0.25109952688217163
0.2498488426208496
0.25609999895095825
0.25886598229408264
0.24688798189163208
0.2549344301223755
0.247374027967453
0.24008610844612122
0.24357379972934723
0.23867598176002502
0.24704477190971375
0.22642916440963745
0.22475731372833252
0.25671324133872986
0.2543126046657562
0.25766003131866455
0.24319136142730713
0.24246802926063538
0.2526503801345825
0.22679239511489868
0.2554693818092346
0.24434709548950195
0.24840426445007324
0.23888492584228516
0.24438530206680298
0.23682421445846558
0.25682002305984497
0.24152126908302307
0.24797824025154114
0.24743646383285522
0.2509361207485199
0.24037519097328186
0.24296842515468597
0.24674177169799805
0.23888984322547913
0.2476624697446823
0.2583935856819153
0.24516785144805908
0.23944216966629028
0.25006893277168274
0.2490033358335495
0.23759737610816956
0.2393362820148468
0.2538623511791229
0.25688254833221436
0.2505631446838379
0.23581817746162415
0.2476106882095337
0.24759355187416077
0.2377338409423828
0.2537195384502411
0.2432824671268463
0.2480071783065796
0.23713061213493347
0.2568248212337494
0.24652454257011414
0.23539218306541443
0.25068241357803345
0.23993612825870514
0.24223443865776062
0.23767775297164917
0.23473384976387024
0.24440130591392517
0.25406572222709656
0.2327239215373993
0.24218666553497314
0.25424376130104065
0.23537926375865936
0.25322166085243225
0.25136974453926086
0.2239065170288086
0.24594223499298096
0.2349446713924408
0.2550644874572754
0.24971961975097656
0.25053831934928894
0.2388141006231308
0.24041834473609924
0.23743917047977448
0.2455769032239914
0.24732130765914917
0.2486315667629242
0.24728719890117645
0.2500762939453125
0.2327720820903778
0.2394830584526062
0.24681824445724487
0.23825833201408386
0.2396070659160614
0.2366546392440796
0.2419380247592926
0.22613483667373657
0.23489391803741455
0.22924545407295227
0.23946192860603333
0.24961316585540771
0.23335835337638855
0.2608371078968048
0.23304402828216553
0.2318803071975708
0.24684104323387146
0.23434367775917053
0.23730823397636414
0.2365993857383728
0.23895645141601562
0.22015434503555298
0.23416078090667725
0.24449202418327332
0.2280767858028412
0.223731130361557
0.24129718542099
0.2506643533706665
0.23632043600082397
0.22430042922496796
0.24312245845794678
0.24544164538383484
0.23411573469638824
0.23013371229171753
0.2283134013414383
0.24258960783481598
0.23454055190086365
0.2374991923570633
0.22263166308403015
0.2530182898044586
0.2315036803483963
0.2322203814983368
0.23860009014606476
0.23280011117458344
0.23244279623031616
0.23696747422218323
0.23420628905296326
0.2318819761276245
0.2443746030330658
0.22496961057186127
0.25277096033096313
0.23480023443698883
0.2309984266757965
0.2368781864643097
0.24941006302833557
0.22494518756866455
0.24251092970371246
0.23488354682922363
0.2227126806974411
0.2484293282032013
0.2421802282333374
0.2201431840658188
0.2271636724472046
0.2339824140071869
0.2450268566608429
0.23605108261108398
0.23582199215888977
0.23701965808868408
0.22886723279953003
0.23580822348594666
0.24982938170433044
0.2479146420955658
0.24103903770446777
0.24176234006881714
0.2342049777507782
0.22396832704544067
0.23532411456108093
0.2311674952507019
0.225196972489357
0.2417653650045395
0.23329052329063416
0.23352912068367004
0.246626615524292
0.23204046487808228
0.23015011847019196
0.2394532710313797
0.23860429227352142
0.23201748728752136
0.24212157726287842
0.2417895793914795
0.2331983745098114
0.2408944070339203
0.23062393069267273
0.22912585735321045
0.2228747308254242
0.24638065695762634
0.22781971096992493
0.23807060718536377
0.2436349093914032
0.2385392189025879
0.23581913113594055
0.23430880904197693
0.2462954968214035
0.22350794076919556
0.23240795731544495
0.22440427541732788
0.25037479400634766
0.22872048616409302
0.24067699909210205
0.22898754477500916
0.22992070019245148
0.2201261967420578
0.24215441942214966
0.23637543618679047
0.2296501100063324
0.23039765655994415
0.23565125465393066
0.23300690948963165
0.24428680539131165
0.23195499181747437
0.23177674412727356
0.23195815086364746
0.22696498036384583
0.23448707163333893
0.22225692868232727
0.21749037504196167
0.23562118411064148
0.2534598708152771
0.24149030447006226
0.22875168919563293
0.2327660620212555
0.22712910175323486
0.22986087203025818
0.23938527703285217
0.22995135188102722
0.23860229551792145
0.23417678475379944
0.24114099144935608
0.23498696088790894
0.22790642082691193
0.23860833048820496
0.24093598127365112
0.22249530255794525
0.23067301511764526
0.23174631595611572
0.2376042902469635
0.23244914412498474
0.24450689554214478
0.23974817991256714
0.2352765053510666
0.22664812207221985
0.23086106777191162
0.2404705286026001
0.23066020011901855
0.23789528012275696
0.22661134600639343
0.2292591631412506
0.22788220643997192
0.2282068133354187
0.2287905514240265
0.23264917731285095
0.2323361039161682
0.23330098390579224
0.23955389857292175
0.22586017847061157
0.23089861869812012
0.23703771829605103
0.2374703586101532
0.22038844227790833
0.22864952683448792
0.22901415824890137
0.21837958693504333
0.2310234010219574
0.22683387994766235
0.2323101907968521
0.2253197580575943
0.2466779202222824
0.23109282553195953
0.23914256691932678
0.23898068070411682
0.24154457449913025
0.22555193305015564
0.2288838028907776
0.22806669771671295
0.24461260437965393
0.2363707423210144
0.23616385459899902
0.23191407322883606
0.22984492778778076
0.238864928483963
0.2367752194404602
0.2283410131931305
0.23668041825294495
0.22567948698997498
0.2374570369720459
0.234455868601799
0.23369881510734558
0.23040160536766052
0.23706430196762085
0.23172299563884735
0.23273438215255737
0.22751159965991974
0.22516010701656342
0.2239188402891159
0.21868325769901276
0.2424353063106537
0.2477806806564331
0.21925079822540283
0.22291210293769836
0.24058818817138672
0.235342875123024
0.22859981656074524
0.23752038180828094
0.2232741117477417
0.24686211347579956
0.22541850805282593
0.23091062903404236
0.23835894465446472
0.23770353198051453
0.2308761179447174
0.22773051261901855
0.22850728034973145
0.2406337708234787
0.22776684165000916
0.23526233434677124
0.2329772710800171
0.23150643706321716
0.23128537833690643
0.2287345677614212
0.23404911160469055
0.2226070761680603
0.22063186764717102
0.22888728976249695
0.24355751276016235
0.22291836142539978
0.2363627851009369
0.23653247952461243
0.22307643294334412
0.24452729523181915
0.2199772447347641
0.2365889847278595
0.22947250306606293
0.2301851212978363
0.21980395913124084
0.23163306713104248
0.24020065367221832
0.22816230356693268
0.2323671281337738
0.22588962316513062
0.22823025286197662
0.22385793924331665
0.230186328291893
0.2367924451828003
0.22752338647842407
0.224462628364563
0.21987098455429077
0.2153804898262024
0.22405865788459778
0.24344809353351593
0.23705628514289856
0.24295049905776978
0.22006607055664062
0.23139560222625732
0.22368021309375763
0.23490765690803528
0.23626717925071716
0.22576457262039185
0.2224537432193756
0.22392745316028595
0.22497040033340454
0.23290586471557617
0.23171168565750122
0.22828969359397888
0.2281990945339203
0.24251331388950348
0.2234923541545868
0.2346423864364624
0.2127249538898468
0.22248104214668274
0.2310914397239685
0.2342648208141327
0.2295851707458496
0.22797849774360657
0.2239716500043869
0.22665828466415405
0.2333763837814331
0.22917971014976501
0.23801641166210175
0.2355881929397583
0.23677274584770203
0.22620099782943726
0.22890684008598328
0.22639906406402588
0.23500172793865204
0.22968217730522156
0.2285710573196411
0.22473837435245514
0.2283526360988617
0.23410004377365112
0.23375126719474792
0.22271114587783813
0.21630966663360596
0.22693538665771484
0.23556968569755554
0.2361421287059784
0.22604988515377045
0.22124402225017548
0.21053862571716309
0.2302047610282898
0.22587063908576965
0.22381551563739777
0.22636458277702332
0.2208864688873291
0.2289336621761322
0.22265440225601196
0.2262958437204361
0.21804842352867126
0.22975552082061768
0.22362452745437622
0.22419103980064392
0.22812317311763763
0.23794537782669067
0.2226293385028839
0.2226254791021347
0.23055748641490936
0.22744151949882507
0.23251768946647644
0.22327589988708496
0.22591546177864075
0.23009148240089417
0.22420921921730042
0.21584588289260864
0.23611104488372803
0.211217001080513
0.23450177907943726
0.23990878462791443
0.253403902053833
0.22032833099365234
0.21737328171730042
0.2382860779762268
0.22655563056468964
0.2257544845342636
0.23053652048110962
0.23363655805587769
0.22997117042541504
0.21527636051177979
0.23695731163024902
0.21936064958572388
0.23135589063167572
0.2300701141357422
0.24805158376693726
0.227211594581604
0.24143870174884796
0.22600886225700378
0.22869166731834412
0.22156314551830292
0.24798491597175598
0.22322526574134827
0.22968685626983643
0.2291819006204605
0.23124685883522034
0.2275267243385315
0.23359602689743042
0.23764702677726746
0.21969328820705414
0.24472163617610931
0.23218625783920288
0.24010205268859863
0.2224157452583313
0.22320201992988586
0.22477859258651733
0.22676926851272583
0.22436583042144775
0.23191583156585693
0.23195751011371613
0.24146226048469543
0.2295902967453003
0.2310042828321457
0.22146812081336975
0.22998294234275818
0.2337217926979065
0.2142842561006546
0.23009105026721954
0.2186974585056305
0.2382487654685974
0.22764313220977783
0.22885805368423462
0.22414574027061462
0.22188910841941833
0.21837639808654785
0.21788428723812103
0.2379436194896698
0.24334153532981873
0.22103656828403473
0.2242651879787445
0.22756588459014893
0.21901799738407135
0.23958992958068848
0.23756816983222961
0.21694880723953247
0.23027631640434265
0.2244577407836914
0.23426634073257446
0.24456021189689636
0.22395530343055725
0.2260970175266266
0.2228247970342636
0.2257089465856552
0.22114141285419464
0.2289801388978958
0.2329903542995453
0.23763823509216309
0.22879870235919952
0.217152401804924
0.23206177353858948
0.2305735945701599
0.22925950586795807
0.23651081323623657
0.22047068178653717
0.23157621920108795
0.22501739859580994
0.2206329107284546
0.23598718643188477
0.22723287343978882
0.23287218809127808
0.21433143317699432
0.2293199598789215
0.24211560189723969
0.22916537523269653
0.21296757459640503
0.23194187879562378
0.23439425230026245
0.2288551926612854
0.23101434111595154
0.2279076874256134
0.2151409238576889
0.23486214876174927
0.2248929738998413
0.23076947033405304
0.229172021150589
0.22902308404445648
0.23320160806179047
0.2444462776184082
0.21975290775299072
0.22590328752994537
0.22225132584571838
0.24161475896835327
0.2352530062198639
0.2323130965232849
0.22346340119838715
0.2065761238336563
0.23488029837608337
0.2084302008152008
0.22305762767791748
0.22192856669425964
0.23528669774532318
0.2364986687898636
0.22836455702781677
0.22089305520057678
0.2308804988861084
0.2270756959915161
0.21185825765132904
0.2323969304561615
0.22474417090415955
0.22036951780319214
0.2182619273662567
0.22882822155952454
0.24172325432300568
0.221918523311615
0.22321131825447083
0.22446036338806152
0.21192477643489838
0.21937471628189087
0.22502104938030243
0.2304559051990509
0.21206696331501007
0.232377290725708
0.23507952690124512
0.228040874004364
0.23287853598594666
0.21534116566181183
0.2205411195755005
0.23912498354911804
0.23054206371307373
0.2235902100801468
0.22823482751846313
0.22453612089157104
0.23440037667751312
0.22778598964214325
0.224357008934021
0.2272111177444458
0.2183103859424591
0.21906957030296326
0.21845805644989014
0.22551941871643066
0.23743918538093567
0.22425299882888794
0.21336516737937927
0.2142578661441803
0.22314676642417908
0.23608897626399994
0.23141877353191376
0.22610776126384735
0.22836770117282867
0.2281665802001953
0.22489100694656372
0.2340264618396759
0.24515339732170105
0.21268954873085022
0.22683078050613403
0.2340209186077118
0.2177092730998993
0.2215917706489563
0.2173936367034912
0.23947705328464508
0.2316817045211792
0.22131726145744324
0.2281225621700287
0.23203496634960175
0.2282639443874359
0.21936041116714478
0.22483693063259125
0.21414846181869507
0.22760209441184998
0.22659191489219666
0.2178960144519806
0.2281413972377777
0.23628902435302734
0.22084270417690277
0.22375185787677765
0.22164428234100342
0.22553026676177979
0.22034651041030884
0.2226392924785614
0.2258184850215912
0.23068049550056458
0.22286087274551392
0.22971220314502716
0.22874954342842102
0.23518282175064087
0.22328579425811768
0.22302871942520142
0.22310858964920044
0.2213728427886963
0.242028146982193
0.23984770476818085
0.22883981466293335
0.21196487545967102
0.22635632753372192
0.21814483404159546
0.2165619283914566
0.22534145414829254
0.22179049253463745
0.23742376267910004
0.22851859033107758
0.2293642908334732
0.2217310667037964
0.21177938580513
0.2245078831911087
0.22948479652404785
0.22776030004024506
0.22315016388893127
0.22222575545310974
0.21572357416152954
0.2325928509235382
0.23226173222064972
0.23562869429588318
0.21728628873825073
0.2093202918767929
0.21708102524280548
0.2258906364440918
0.24347464740276337
0.2195667326450348
0.2183839976787567
0.2236226499080658
0.21821944415569305
0.22818318009376526
0.2232971042394638
0.22408798336982727
0.2350131720304489
0.2249240279197693
0.22797632217407227
0.22652089595794678
0.2213461697101593
0.2386937141418457
0.23429752886295319
0.22314870357513428
0.229690819978714
0.230026513338089
0.22063538432121277
0.2214571237564087
0.21685020625591278
0.23275676369667053
0.21050316095352173
0.2216511219739914
0.2280852496623993
0.21534380316734314
0.22408533096313477
0.22654575109481812
0.22401781380176544
0.23419496417045593
0.23360675573349
0.23038801550865173
0.22559183835983276
0.21994686126708984
0.23183584213256836
0.22326651215553284
0.21822136640548706
0.23740488290786743
0.21812157332897186
0.2337961494922638
0.2263859212398529
0.22158357501029968
0.2274991273880005
0.23805493116378784
0.2265288233757019
0.2157600224018097
0.21452313661575317
0.21226751804351807
0.23010507225990295
0.22254416346549988
0.21871408820152283
0.22089484333992004
0.2152155488729477
0.2182314246892929
0.22022324800491333
0.22246378660202026
0.23645877838134766
0.2291008085012436
0.22568824887275696
0.22548535466194153
0.2326178252696991
0.22672449052333832
0.2187192589044571
0.2214527726173401
0.22757616639137268
0.22429579496383667
0.22905626893043518
0.2234269380569458
0.21915578842163086
0.22164788842201233
0.2272215187549591
0.22486340999603271
0.2294822782278061
0.2289828658103943
0.21141797304153442
0.22464619576931
0.21956616640090942
0.2239266037940979
0.21826207637786865
0.23334771394729614
0.23548127710819244
0.22062142193317413
0.22765111923217773
0.22246462106704712
0.22172723710536957
0.2278192639350891
0.2251283973455429
0.2259272336959839
0.22376221418380737
0.2243959605693817
0.22510722279548645
0.23219476640224457
0.2220369428396225
0.22799710929393768
0.2121812105178833
0.21645015478134155
0.22806799411773682
0.22606870532035828
0.22460289299488068
0.2273489236831665
0.2317747175693512
0.22776931524276733
0.21748283505439758
0.22807657718658447
0.2300282120704651
0.22328908741474152
0.22145283222198486
0.2300242781639099
0.23439407348632812
0.2232591062784195
0.22441235184669495
0.22250677645206451
0.228861466050148
0.21765980124473572
0.2237786054611206
0.22637492418289185
0.22675397992134094
0.218196839094162
0.23180809617042542
0.23378829658031464
0.22127151489257812
0.2256956845521927
0.22851961851119995
0.22464922070503235
0.21726375818252563
0.22188594937324524
0.22867318987846375
0.2349315583705902
0.22389057278633118
0.21506068110466003
0.2145133912563324
0.2265072911977768
0.23102958500385284
0.23186977207660675
0.22232785820960999
0.21597060561180115
0.23378700017929077
0.23652103543281555
0.22625038027763367
0.22391532361507416
0.2195882350206375
0.2134390026330948
0.23188316822052002
0.22201144695281982
0.21836435794830322
0.21929831802845
0.21193760633468628
0.23807485401630402
0.23198187351226807
0.23183494806289673
0.22187745571136475
0.22739177942276
0.22673305869102478
0.21632120013237
0.2237924039363861
0.21949151158332825
0.22443437576293945
0.2173806130886078
0.23083043098449707
0.22991135716438293
0.2354659140110016
0.2315344512462616
0.2325352281332016
0.21698665618896484
0.2160436511039734
0.22139570116996765
0.21552589535713196
0.2406242936849594
0.23371970653533936
0.21915510296821594
0.22654381394386292
0.21679969131946564
0.21387307345867157
0.22390523552894592
0.21992644667625427
0.2333272099494934
0.22796030342578888
0.22498436272144318
0.21875715255737305
0.22605514526367188
0.22380824387073517
0.22864305973052979
0.22307151556015015
0.21582241356372833
0.21352805197238922
0.22628512978553772
0.2177109271287918
0.22505608201026917
0.235093355178833
0.23905426263809204
0.21442458033561707
0.22335493564605713
0.23394522070884705
0.2260640561580658
0.22135870158672333
0.22085833549499512
0.22778581082820892
0.22344952821731567
0.22807636857032776
0.22471359372138977
0.229399636387825
0.21472588181495667
0.232793927192688
0.22740909457206726
0.22957155108451843
0.2197992354631424
0.22541120648384094
0.22882315516471863
0.22303037345409393
0.23074474930763245
0.2259724736213684
0.2303800880908966
0.2293587028980255
0.22008317708969116
0.2127242088317871
0.22873489558696747
0.2170817255973816
0.2238178700208664
0.23520395159721375
0.21777001023292542
0.22953718900680542
0.2243329882621765
0.2206224501132965
0.22147676348686218
0.22144097089767456
0.23215068876743317
0.21519090235233307
0.2109370231628418
0.22734639048576355
0.22480300068855286
0.21602129936218262
0.2205553948879242
0.21590405702590942
0.23718929290771484
0.21670815348625183
0.22953492403030396
0.22554346919059753
0.22402246296405792
0.22701731324195862
0.21369636058807373
0.22284561395645142
0.2257588803768158
