Mean Rank: 120, 115
Mean RR: 0.0107, 0.0192
Hit@1: 0.0008, 0.0030
Hit@3: 0.0023, 0.0182
Hit@5: 0.0030, 0.0182
Hit@10: 0.0076, 0.0182
4.999878883361816
4.998438835144043
4.990508079528809
4.971432209014893
4.923177242279053
4.834704875946045
4.672205448150635
4.389803886413574
3.9863967895507812
3.50495982170105
2.8350934982299805
2.153886318206787
1.6104203462600708
1.3242943286895752
1.1716876029968262
1.032957673072815
1.0170632600784302
0.9195780158042908
0.8565748929977417
0.8660195469856262
0.8144375085830688
0.7975221276283264
0.7587099075317383
0.7880461812019348
0.7712681293487549
0.7656680345535278
0.7256063222885132
0.7372303009033203
0.7329409122467041
0.7354950308799744
0.689679741859436
0.7000143527984619
0.6906787157058716
0.6666315793991089
0.6670507788658142
0.6475962400436401
0.644195020198822
0.6226516962051392
0.626824140548706
0.6023498177528381
0.586550772190094
0.5752724409103394
0.5664809346199036
0.5416600704193115
0.5436685085296631
0.5487580299377441
0.5347537398338318
0.5440841317176819
0.5163166522979736
0.5041006803512573
0.492382287979126
0.4992353320121765
0.4933854043483734
0.49099016189575195
0.4794950485229492
0.4661497473716736
0.4612060487270355
0.4708307087421417
0.463217556476593
0.46367672085762024
0.45817744731903076
0.4392225742340088
0.4472188353538513
0.43034762144088745
0.446548193693161
0.4343041181564331
0.426080584526062
0.44713741540908813
0.4193013906478882
0.42791125178337097
0.4130675196647644
0.42665112018585205
0.40435028076171875
0.419445276260376
0.40686655044555664
0.42284005880355835
0.3995710015296936
0.4105868935585022
0.41570180654525757
0.4105108976364136
0.39454710483551025
0.3760150671005249
0.3891032934188843
0.4186360239982605
0.3845149874687195
0.3816803991794586
0.4151483476161957
0.403406023979187
0.3975456953048706
0.3870849311351776
0.37364310026168823
0.38880980014801025
0.3845500349998474
0.39166826009750366
0.37014245986938477
0.38661158084869385
0.3827059864997864
0.3790423572063446
0.37516599893569946
0.39313995838165283
0.388700008392334
0.37233254313468933
0.35903626680374146
0.3751315474510193
0.36747124791145325
0.36883094906806946
0.37559404969215393
0.36734092235565186
0.38786619901657104
0.3761596977710724
0.36877959966659546
0.3573729991912842
0.3707377016544342
0.3492206335067749
0.3609342873096466
0.3824833631515503
0.3584340214729309
0.3571985960006714
0.37999963760375977
0.36900830268859863
0.37038710713386536
0.3539878726005554
0.3696068227291107
0.3674371838569641
0.3636333644390106
0.3578376770019531
0.35207629203796387
0.3503703474998474
0.35035252571105957
0.3687681555747986
0.3292710781097412
0.35895830392837524
0.3448788821697235
0.35697704553604126
0.37149959802627563
0.3430924713611603
0.36347365379333496
0.3454316258430481
0.3809767961502075
0.37447667121887207
0.3543494939804077
0.35056862235069275
0.35851678252220154
0.34204334020614624
0.37022000551223755
0.3629038333892822
0.3489295244216919
0.3534989356994629
0.36412951350212097
0.36107102036476135
0.3448900282382965
0.3562951683998108
0.3650891184806824
0.3454130291938782
0.34493184089660645
0.3453591465950012
0.3524007201194763
0.348283588886261
0.34172624349594116
0.35390540957450867
0.3454259932041168
0.33829939365386963
0.3499508500099182
0.341398149728775
0.3523353338241577
0.3337429165840149
0.3696160912513733
0.34675830602645874
0.3687995374202728
0.33968955278396606
0.3556305766105652
0.33275356888771057
0.3512982726097107
0.33801203966140747
0.33734238147735596
0.3652403950691223
0.33821603655815125
0.3352125883102417
0.3302905857563019
0.33890318870544434
0.3420225977897644
0.34039539098739624
0.3317214846611023
0.3298189640045166
0.3473072648048401
0.3487662672996521
0.3679771423339844
0.3416147530078888
0.3499803841114044
0.3457019329071045
0.35985246300697327
0.3260129690170288
0.34070202708244324
0.32441380620002747
0.3439120054244995
0.3440236747264862
0.3342655301094055
0.34588703513145447
0.3584423363208771
0.3374852240085602
0.356069952249527
0.3248530626296997
0.3555554151535034
0.3349248766899109
0.32560545206069946
0.3274810016155243
0.34187185764312744
0.3441334366798401
0.33230745792388916
0.30751746892929077
0.3421913981437683
0.33993494510650635
0.35031580924987793
0.31622105836868286
0.3366403877735138
0.336431622505188
0.32936179637908936
0.3469892740249634
0.3249889016151428
0.3477344512939453
0.32062482833862305
0.33731240034103394
0.3237020969390869
0.32782334089279175
0.3499290347099304
0.3405853509902954
0.3373870849609375
0.334883451461792
0.34916436672210693
0.3173906207084656
0.3303169012069702
0.33989718556404114
0.333337664604187
0.32777389883995056
0.3364388644695282
0.32951676845550537
0.34388577938079834
0.35272178053855896
0.3304668664932251
0.34073880314826965
0.3332973122596741
0.3226432800292969
0.3191533088684082
0.34020280838012695
0.34604543447494507
0.3553704619407654
0.35105985403060913
0.3364519476890564
0.3215528130531311
0.3435457646846771
0.31781265139579773
0.3329872786998749
0.33857014775276184
0.3281676173210144
0.32750093936920166
0.3245815634727478
0.34228283166885376
0.3103942275047302
0.3276424705982208
0.3405574560165405
0.32684439420700073
0.32113343477249146
0.34093397855758667
0.34149783849716187
0.3192139267921448
0.31617534160614014
0.3489064574241638
0.33883053064346313
0.3360001742839813
0.33512938022613525
0.3279651701450348
0.3085824251174927
0.3295939564704895
0.3285033106803894
0.35060277581214905
0.33491086959838867
0.31581252813339233
0.34240031242370605
0.32193005084991455
0.3346092104911804
0.30881309509277344
0.3428155183792114
0.3264216184616089
0.3160303831100464
0.3407335579395294
0.3470366895198822
0.31322818994522095
0.3103239834308624
0.3258911967277527
0.3278050422668457
0.33883747458457947
0.3236059546470642
0.35301098227500916
0.32504117488861084
0.3182137906551361
0.31353500485420227
0.31749746203422546
0.3420960009098053
0.320914626121521
0.34410351514816284
0.32500335574150085
0.3087145686149597
0.3019884526729584
0.3248658776283264
0.3227057456970215
0.3205114006996155
0.31909191608428955
0.3334798216819763
0.34983184933662415
0.32962557673454285
0.2957278788089752
0.33077648282051086
0.32928451895713806
0.348446786403656
0.32903867959976196
0.3247927129268646
0.32819664478302
0.3235704302787781
0.3364429771900177
0.32544228434562683
0.3072039783000946
0.3314199447631836
0.3250216543674469
0.3113986551761627
0.34299635887145996
0.3109177350997925
0.3131413459777832
0.35187828540802
0.3013715445995331
0.33716583251953125
0.31340867280960083
0.319679856300354
0.3221985399723053
0.3124329149723053
0.31674522161483765
0.335284948348999
0.3303333818912506
0.3287816047668457
0.32848888635635376
0.3429304361343384
0.34724071621894836
0.328003853559494
0.3115558624267578
0.31797173619270325
0.3355150818824768
0.3269461393356323
0.33241164684295654
0.32278475165367126
0.3088807463645935
0.32006755471229553
0.3078240156173706
0.31825706362724304
0.3209971785545349
0.32277530431747437
0.310226172208786
0.33462002873420715
0.33905768394470215
0.3249112367630005
0.3016200065612793
0.3294992744922638
0.31032443046569824
0.3192063570022583
0.3333054184913635
0.31166934967041016
0.3333672285079956
0.33457234501838684
0.33461716771125793
0.34927114844322205
0.3210906982421875
0.3353997468948364
0.3198138475418091
0.3222399055957794
0.34885263442993164
0.32362842559814453
0.3229568600654602
0.3382393717765808
0.3094276785850525
0.32099640369415283
0.30592072010040283
0.3248390555381775
0.3016989827156067
0.3167988657951355
0.309788316488266
0.3321951925754547
0.3162097632884979
0.3348039984703064
0.31792277097702026
0.3116981089115143
0.31621697545051575
0.3135886788368225
0.3482552170753479
0.30599942803382874
0.32368236780166626
0.32508039474487305
0.326035737991333
0.31366199254989624
0.31558749079704285
0.3180581331253052
0.30164235830307007
0.33008554577827454
0.3378412127494812
0.33507364988327026
0.3070495128631592
0.31607288122177124
0.32092195749282837
0.2978840470314026
0.3271368741989136
0.3244321346282959
0.32279884815216064
0.3218318819999695
0.319253146648407
0.30095046758651733
0.3262917399406433
0.3131127953529358
0.29613178968429565
0.32583653926849365
0.3186241388320923
0.2850274443626404
0.34170427918434143
0.33763134479522705
0.2999633550643921
0.30405986309051514
0.30769291520118713
0.3009887635707855
0.3229968547821045
0.3156338930130005
0.32220929861068726
0.33474138379096985
0.3385738730430603
0.31199729442596436
0.2968757450580597
0.2940843105316162
0.3315278887748718
0.33952760696411133
0.3295646011829376
0.3113563656806946
0.32880696654319763
0.2910141348838806
0.3149643838405609
0.34513166546821594
0.3297172784805298
0.3240966200828552
0.33716559410095215
0.29811182618141174
0.2897825241088867
0.31905221939086914
0.32551050186157227
0.29970771074295044
0.3253321051597595
0.34606558084487915
0.2939661741256714
0.3404163420200348
0.3254854381084442
0.3015950322151184
0.3193912208080292
0.3436259627342224
0.3115871548652649
0.3067432641983032
0.32274916768074036
0.299851655960083
0.30617883801460266
0.2963666021823883
0.3350215554237366
0.3247829079627991
0.32006126642227173
0.31050050258636475
0.31718727946281433
0.32851943373680115
0.31391775608062744
0.32309454679489136
0.3139687776565552
0.2946563959121704
0.3129650950431824
0.308463990688324
0.3154199719429016
0.3300153315067291
0.3186350464820862
0.313565731048584
0.32704275846481323
0.3106032609939575
0.33293068408966064
0.33163905143737793
0.3102269768714905
0.31713610887527466
0.3151647448539734
0.30395418405532837
0.3277072608470917
0.3159501552581787
0.31818634271621704
0.32107943296432495
0.30667442083358765
0.3071367144584656
0.3081807494163513
0.31951385736465454
0.331490159034729
0.2963358163833618
0.3078021705150604
0.31041938066482544
0.31782224774360657
0.32974231243133545
0.32399556040763855
0.3122682571411133
0.3212849795818329
0.3230171203613281
0.3200644552707672
0.29549336433410645
0.34285593032836914
0.32294854521751404
0.3059656322002411
0.3265974223613739
0.3149161636829376
0.3078562915325165
0.31731265783309937
0.31543517112731934
0.31293776631355286
0.3149189352989197
0.3112550377845764
0.3104512691497803
0.3231906294822693
0.32004624605178833
0.29718995094299316
0.31913644075393677
0.31370529532432556
0.30481892824172974
0.31502965092658997
0.3303813934326172
0.3207433819770813
0.33728259801864624
0.3146427273750305
0.3214918375015259
0.3198578953742981
0.3033907413482666
0.3145490288734436
0.2933621406555176
0.3181245028972626
0.3020988702774048
0.3395935297012329
0.30879849195480347
0.317830353975296
0.34543877840042114
0.3032851219177246
0.31753307580947876
0.3272968530654907
0.32564812898635864
0.29633617401123047
0.30397292971611023
0.301636666059494
0.32221710681915283
0.3071179687976837
0.3329613208770752
0.3258059024810791
0.3139961361885071
0.30854499340057373
0.310478150844574
0.33049219846725464
0.3230074644088745
0.31074583530426025
0.3017420172691345
0.3019673228263855
0.34120064973831177
0.33233508467674255
0.33239004015922546
0.31732088327407837
0.3349756896495819
0.3021983504295349
0.2854549288749695
0.3096005916595459
0.32735347747802734
0.2968257665634155
0.3348597288131714
0.30114883184432983
0.30354738235473633
0.31483328342437744
0.33974871039390564
0.3067685663700104
0.31271541118621826
0.32128241658210754
0.3300730586051941
0.31386956572532654
0.31995171308517456
0.3218287527561188
0.28380024433135986
0.3058760166168213
0.30091753602027893
0.2979361414909363
0.33339723944664
0.31480419635772705
0.3075356185436249
0.315986305475235
0.3112475872039795
0.2995331883430481
0.3058571517467499
0.3104057312011719
0.3161696493625641
0.3145151436328888
0.3225855827331543
0.3014855980873108
0.3138124346733093
0.3136603534221649
0.3133602440357208
0.3222717046737671
0.3277015686035156
0.3222939968109131
0.30988943576812744
0.2976972162723541
0.317411333322525
0.3179355561733246
0.3057752251625061
0.2986336350440979
0.3340710401535034
0.3080065846443176
0.32703787088394165
0.3153066635131836
0.3268229067325592
0.30923518538475037
0.31587061285972595
0.2987585663795471
0.3289873003959656
0.30300378799438477
0.30664369463920593
0.2853662669658661
0.30807510018348694
0.3100547790527344
0.3166610598564148
0.3128719925880432
0.3121841251850128
0.3074198365211487
0.295528769493103
0.3254473805427551
0.3053640127182007
0.30365025997161865
0.30889183282852173
0.30779269337654114
0.312563955783844
0.3073817491531372
0.323868066072464
0.29630768299102783
0.30203133821487427
0.3065645098686218
0.30681484937667847
0.3088865876197815
0.329592227935791
0.2899412512779236
0.3122639060020447
0.3144128918647766
0.31198030710220337
0.3029334545135498
0.3128190040588379
0.30897289514541626
0.3056945204734802
0.32240796089172363
0.3053451180458069
0.2952178716659546
0.31751373410224915
0.30176788568496704
0.2963488698005676
0.3001605272293091
0.3079912066459656
0.3460264801979065
0.3145979046821594
0.3094797134399414
0.3278367519378662
0.29764819145202637
0.33368492126464844
0.2971373498439789
0.29827675223350525
0.2750682234764099
0.3040003180503845
0.3260083794593811
0.32308822870254517
0.3303939998149872
0.31576845049858093
0.30369997024536133
0.29877573251724243
0.293194442987442
0.30529463291168213
0.29268980026245117
0.3194468021392822
0.32663044333457947
0.314663290977478
0.31538671255111694
0.3104373812675476
0.3124440014362335
0.3136586546897888
0.30980533361434937
0.3109271228313446
0.31662893295288086
0.31983619928359985
0.3228597044944763
0.3122425675392151
0.29569000005722046
0.3336050510406494
0.3090074360370636
0.3218267858028412
0.31924158334732056
0.30216509103775024
0.3053372800350189
0.30543839931488037
0.31062594056129456
0.3015592694282532
0.30810239911079407
0.3137819170951843
0.2825425863265991
0.30923590064048767
0.2982754409313202
0.3001500964164734
0.3139275312423706
0.3069799840450287
0.3394678831100464
0.3032993674278259
0.3201600909233093
0.3161087930202484
0.3039965033531189
0.32533854246139526
0.29578709602355957
0.311947226524353
0.31120505928993225
0.32627272605895996
0.27140891551971436
0.31977230310440063
0.30368858575820923
0.3082095980644226
0.2998189926147461
0.29913973808288574
0.31374692916870117
0.3031187057495117
0.3156664967536926
0.29760175943374634
0.29508382081985474
0.29825061559677124
0.3140147924423218
0.29297128319740295
0.3235621452331543
0.2959442138671875
0.3336949348449707
0.31477561593055725
0.2897329330444336
0.30051594972610474
0.31526294350624084
0.3122445344924927
0.31689202785491943
0.32256197929382324
0.31255489587783813
0.3101884424686432
0.30076414346694946
0.28272920846939087
0.3168204724788666
0.29959380626678467
0.3306748867034912
0.3204290270805359
0.3022281229496002
0.3314317464828491
0.2868586480617523
0.3230534791946411
0.3252201974391937
0.29810231924057007
0.3090469241142273
0.31462180614471436
0.31171396374702454
0.2933269143104553
0.3044547438621521
0.3346588909626007
0.3175621032714844
0.31150442361831665
0.3012407422065735
0.29730409383773804
0.2982602119445801
0.30395811796188354
0.3145424723625183
0.3006371557712555
0.306903600692749
0.2937087118625641
0.31995889544487
0.31818699836730957
0.3034210801124573
0.32013118267059326
0.3276422619819641
0.31640625
0.27998143434524536
0.3143581748008728
0.3087872862815857
0.30786556005477905
0.3080160617828369
0.31865400075912476
0.3143782913684845
0.31280437111854553
0.2971472442150116
0.2993999719619751
0.30768918991088867
0.31681811809539795
0.3316192626953125
0.2998656630516052
0.29837632179260254
0.30997246503829956
0.3057951331138611
0.3163868188858032
0.3075566291809082
0.3354131579399109
0.317042738199234
0.30928781628608704
0.32349681854248047
0.3108445703983307
0.2932261824607849
0.3158355951309204
0.3190397322177887
0.3005922734737396
0.30029037594795227
0.3196796178817749
0.32994842529296875
0.28580352663993835
0.28558075428009033
0.30703020095825195
0.31928667426109314
0.3162267208099365
0.2825896441936493
0.3157450258731842
0.31650394201278687
0.3086707592010498
0.32584524154663086
0.29195699095726013
0.2972862720489502
0.3069201111793518
0.31207212805747986
0.29768598079681396
0.29223793745040894
0.33167314529418945
0.31084224581718445
0.32241329550743103
0.328930139541626
0.3016008734703064
0.3087007403373718
0.2908475399017334
0.31146252155303955
0.291716068983078
0.3388354182243347
0.30723798274993896
0.30949512124061584
0.3045039772987366
0.3195056915283203
0.2981392741203308
0.3068423271179199
0.29757243394851685
0.2964642643928528
0.3200998306274414
0.30216825008392334
0.308590829372406
0.2998288571834564
0.2973470985889435
0.30949801206588745
0.293569952249527
0.31251081824302673
0.3069297969341278
0.32412534952163696
0.303674578666687
0.302636057138443
0.3048649728298187
0.2964607775211334
0.2996641993522644
0.29688048362731934
0.3018036484718323
0.30075782537460327
0.304526150226593
0.30505114793777466
0.3179718852043152
0.31732046604156494
0.30996155738830566
0.3052702844142914
0.29808658361434937
0.2962982654571533
0.2799415588378906
0.2912551760673523
0.3232865333557129
0.30510079860687256
0.29268884658813477
0.34017708897590637
0.29433369636535645
0.3216635286808014
0.2915046811103821
0.30519217252731323
0.3087564706802368
0.30942630767822266
0.29193028807640076
0.3010866641998291
0.30035316944122314
0.3090519309043884
0.2876158356666565
0.3175801932811737
0.3041585087776184
0.3082999587059021
0.30927544832229614
0.2822223901748657
0.3185964524745941
0.28435009717941284
0.3227194845676422
0.2863086462020874
0.3243151307106018
0.3077874183654785
0.3168114125728607
0.31485041975975037
0.307826966047287
0.2848873734474182
0.32431119680404663
0.3253922462463379
0.31430432200431824
0.2983669638633728
0.3028063178062439
0.32957202196121216
0.29326480627059937
0.28695863485336304
0.2914502024650574
0.3099573254585266
0.3100769519805908
0.3006677031517029
0.28663820028305054
0.32527369260787964
0.31181037425994873
0.31499359011650085
0.28874707221984863
0.3111897110939026
0.2747393548488617
0.31056731939315796
0.298772931098938
0.31066158413887024
0.30596524477005005
0.31477922201156616
0.3312126696109772
0.31482648849487305
0.27419722080230713
0.3129288852214813
0.28093594312667847
0.31331247091293335
0.3193510174751282
0.3198646903038025
0.30730265378952026
0.2942598760128021
0.3109952211380005
0.3029644787311554
0.28755253553390503
0.319187194108963
0.3193241357803345
0.3150680959224701
0.30495792627334595
0.31056398153305054
0.2946167290210724
0.3069160282611847
0.30556023120880127
0.3019677400588989
0.32760870456695557
0.3129580020904541
0.3010636568069458
0.28437888622283936
0.30487117171287537
0.30825892090797424
0.3171120882034302
0.304171621799469
0.2873612642288208
0.3138411045074463
0.2964726686477661
0.30393123626708984
0.3273175060749054
0.30454814434051514
0.28633078932762146
0.2966570258140564
0.315243661403656
0.31545916199684143
0.31913289427757263
0.3102726936340332
0.2966662347316742
0.2993209660053253
0.29280996322631836
0.29802992939949036
0.3215191662311554
0.30604982376098633
0.3013074994087219
0.2898455858230591
0.3169631361961365
0.2900733947753906
0.2982199192047119
0.30252915620803833
0.28534185886383057
0.30173295736312866
0.3123493790626526
0.28876352310180664
0.2841487526893616
0.2912217378616333
0.3112276494503021
0.29251256585121155
0.3103000521659851
0.2950012981891632
0.28631505370140076
0.3020716607570648
0.327994704246521
0.2995070815086365
0.291062593460083
0.3079625964164734
0.30703821778297424
0.32521915435791016
0.306223601102829
0.3002728819847107
0.30429649353027344
