Mean Rank: 14, 3
Mean RR: 0.2229, 0.7037
Hit@1: 0.0779, 0.5401
Hit@3: 0.2322, 0.8472
Hit@5: 0.3585, 0.9017
Hit@10: 0.5809, 0.9470
4.923003673553467
4.107244968414307
1.1802500486373901
0.8787887096405029
1.071469783782959
0.7756136655807495
1.2706948518753052
0.6585341691970825
0.9767121076583862
0.6516056656837463
0.7827751636505127
0.5676332116127014
0.5843286514282227
0.4488682746887207
0.5178120136260986
0.3894985616207123
0.40832585096359253
0.3428385853767395
0.33242905139923096
0.3287242650985718
0.2797767221927643
0.2683364152908325
0.25194334983825684
0.2917737066745758
0.26405373215675354
0.2567150294780731
0.2473413646221161
0.2709009051322937
0.26441916823387146
0.2474830597639084
0.22360140085220337
0.21524553000926971
0.22425681352615356
0.2374817281961441
0.25644198060035706
0.2541443705558777
0.23208144307136536
0.21821229159832
0.2325296550989151
0.22411450743675232
0.2243482619524002
0.1902204155921936
0.19538076221942902
0.23315311968326569
0.23155494034290314
0.1979578137397766
0.20108774304389954
0.22280848026275635
0.21017786860466003
0.21270793676376343
0.17976900935173035
0.22043663263320923
0.18764349818229675
0.22029103338718414
0.1850224733352661
0.2124449759721756
0.20766004920005798
0.1932263970375061
0.19837571680545807
0.20142488181591034
0.20862610638141632
0.1909603476524353
0.18486808240413666
0.18706223368644714
0.17979182302951813
0.19662514328956604
0.1993158459663391
0.1953078657388687
0.218841552734375
0.19382667541503906
0.1728273332118988
0.19431810081005096
0.18596680462360382
0.17044562101364136
0.16996590793132782
0.1993761509656906
0.16998690366744995
0.1792948693037033
0.20572692155838013
0.2077847719192505
0.1732030212879181
0.20852437615394592
0.1883154660463333
0.18796013295650482
0.19736695289611816
0.19199146330356598
0.16801927983760834
0.17318998277187347
0.21544842422008514
0.1783711463212967
0.1858636885881424
0.19040502607822418
0.16957129538059235
0.15607748925685883
0.18204255402088165
0.18945035338401794
0.17819128930568695
0.1805117279291153
0.19592270255088806
0.17351853847503662
0.17013701796531677
0.15242817997932434
0.16586355865001678
0.18025828897953033
0.18837660551071167
0.15501998364925385
0.17398600280284882
0.1699918955564499
0.20781566202640533
0.1710934191942215
0.17746029794216156
0.1597783863544464
0.16614080965518951
0.1556743085384369
0.16725397109985352
0.1800258457660675
0.151755228638649
0.17409232258796692
0.15900452435016632
0.17861193418502808
0.1507568359375
0.14688290655612946
0.16405951976776123
0.14990416169166565
0.14085790514945984
0.17957502603530884
0.1797657608985901
0.15733951330184937
0.1690458357334137
0.18529333174228668
0.1652722805738449
0.15736359357833862
0.17045551538467407
0.16870750486850739
0.15821301937103271
0.1526649445295334
0.15960517525672913
0.16956567764282227
0.16062457859516144
0.13656491041183472
0.16220001876354218
0.1574525237083435
0.14026668667793274
0.15820671617984772
0.15552188456058502
0.16458193957805634
0.14923864603042603
0.14931219816207886
0.1711803674697876
0.1639532893896103
0.12938405573368073
0.15838202834129333
0.15696817636489868
0.15333515405654907
0.15955637395381927
0.15909169614315033
0.13848473131656647
0.15541864931583405
0.16817796230316162
0.1486912965774536
0.1373138427734375
0.1683303862810135
0.14007160067558289
0.15085111558437347
0.15940561890602112
0.1454014629125595
0.16020065546035767
0.1556563824415207
0.17133478820323944
0.14790908992290497
0.13271334767341614
0.15578919649124146
0.14718668162822723
0.1640668362379074
0.15345245599746704
0.15689346194267273
0.1575900763273239
0.1724315732717514
0.15184321999549866
0.14063559472560883
0.12673918902873993
0.14231033623218536
0.16113755106925964
0.1370878666639328
0.16091018915176392
0.1654128134250641
0.1527082622051239
0.1706337332725525
0.14097821712493896
0.16511569917201996
0.12785694003105164
0.14845289289951324
0.14449983835220337
0.14731232821941376
0.15621472895145416
0.17499445378780365
0.14296405017375946
0.1585547775030136
0.15548475086688995
0.17783181369304657
0.14267419278621674
0.15256890654563904
0.16243213415145874
0.16340653598308563
0.15449799597263336
0.15238505601882935
0.1404784619808197
0.16510841250419617
0.15556012094020844
0.13868416845798492
0.1434437781572342
0.1464826464653015
0.14036443829536438
0.14965017139911652
0.1368969976902008
0.15467990934848785
0.1621047556400299
0.15371540188789368
0.1548551470041275
0.1599462330341339
0.13678915798664093
0.14801353216171265
0.13685007393360138
0.1508459448814392
0.15179556608200073
0.1619325876235962
0.15767154097557068
0.15471439063549042
0.14208662509918213
0.1440632939338684
0.1545691043138504
0.16077029705047607
0.1472853273153305
0.14013172686100006
0.15396317839622498
0.14694935083389282
0.14812076091766357
0.13821430504322052
0.14477123320102692
0.1683988869190216
0.12816546857357025
0.14544762670993805
0.151667982339859
0.1332349330186844
0.1361849457025528
0.1519564986228943
0.14648370444774628
0.16530770063400269
0.1377810537815094
0.161189004778862
0.12314784526824951
0.15608587861061096
0.12529663741588593
0.14967802166938782
0.14268459379673004
0.16140872240066528
0.15549267828464508
0.13600121438503265
0.14885437488555908
0.16830505430698395
0.12624835968017578
0.13487176597118378
0.14188989996910095
0.14634032547473907
0.1430288404226303
0.15429866313934326
0.14710327982902527
0.1316325068473816
0.16307905316352844
0.1536743938922882
0.14265380799770355
0.13097557425498962
0.1379871517419815
0.14151066541671753
0.1472562998533249
0.13875849545001984
0.1505180150270462
0.1458144634962082
0.1400652676820755
0.1569572538137436
0.13376222550868988
0.12100867182016373
0.13742277026176453
0.13313086330890656
0.14294400811195374
0.1615568995475769
0.14552396535873413
0.14658057689666748
0.15543487668037415
0.13960105180740356
0.12209224700927734
0.13402009010314941
0.12357991188764572
0.1442415565252304
0.15022879838943481
0.14668579399585724
0.13313186168670654
0.1453695297241211
0.1464529186487198
0.13320696353912354
0.11928499490022659
0.13405244052410126
0.1373429298400879
0.12792827188968658
0.13373783230781555
0.14379346370697021
0.13654938340187073
0.15305830538272858
0.13527891039848328
0.13048622012138367
0.14025691151618958
0.13802649080753326
0.12948881089687347
0.11569570004940033
0.1350404918193817
0.13849854469299316
0.1533745676279068
0.13974319398403168
0.12733511626720428
0.15099294483661652
0.136287659406662
0.14179550111293793
0.1289556920528412
0.13986097276210785
0.13782420754432678
0.15211792290210724
0.1369561403989792
0.12759222090244293
0.15226054191589355
0.13737845420837402
0.13537883758544922
0.12958160042762756
0.13610167801380157
0.13749976456165314
0.1562938243150711
0.1507253795862198
0.12691545486450195
0.14414255321025848
0.12732473015785217
0.13563759624958038
0.14986924827098846
0.11632996797561646
0.12778830528259277
0.14280152320861816
0.1406339555978775
0.1577572077512741
0.14211450517177582
0.13267579674720764
0.1349126547574997
0.12818558514118195
0.13485246896743774
0.141499325633049
0.12030044943094254
0.13001343607902527
0.1385410875082016
0.14662466943264008
0.1495511680841446
0.13710527122020721
0.11110472679138184
0.13361667096614838
0.1137111485004425
0.1239834800362587
0.13184723258018494
0.14456500113010406
0.13530991971492767
0.1276955008506775
0.13602866232395172
0.1445460319519043
0.1515621840953827
0.14059576392173767
0.131117045879364
0.14023855328559875
0.14390167593955994
0.12849225103855133
0.1300468146800995
0.12451154738664627
0.14070552587509155
0.13856177031993866
0.11816497147083282
0.12703706324100494
0.13532182574272156
0.11676519364118576
0.13418328762054443
0.12860016524791718
0.13017146289348602
0.12871964275836945
0.13706567883491516
0.1389702707529068
0.1294136941432953
0.12163068354129791
0.12843842804431915
0.12065022438764572
0.12449140846729279
0.12834513187408447
0.14243938028812408
0.13748981058597565
0.1390160620212555
0.1198023185133934
0.15659591555595398
0.12445308268070221
0.10755876451730728
0.13648802042007446
0.13167713582515717
0.11683276295661926
0.12964044511318207
0.12737932801246643
0.14416946470737457
0.12761114537715912
0.13854767382144928
0.14340904355049133
0.11827352643013
0.12858185172080994
0.12518249452114105
0.13165125250816345
0.12846210598945618
0.1281040459871292
0.14823901653289795
0.1329479068517685
0.13718527555465698
0.13894763588905334
0.12968948483467102
0.12159313261508942
0.12851519882678986
0.1422094851732254
0.14396856725215912
0.13339433073997498
0.12311630696058273
0.1276022344827652
0.1451348066329956
0.16628043353557587
0.1391753852367401
0.12773437798023224
0.12945646047592163
0.12221088260412216
0.1455661952495575
0.13375845551490784
0.13424146175384521
0.1276986002922058
0.13400273025035858
0.1262587010860443
0.11290803551673889
0.12183412909507751
0.15316416323184967
0.12291364371776581
0.1433984935283661
0.13052237033843994
0.14256562292575836
0.1531475931406021
0.1415005326271057
0.14578436315059662
0.1265684813261032
0.12741202116012573
0.13949215412139893
0.14250516891479492
0.12480881810188293
0.11579926311969757
0.12509889900684357
0.1488867551088333
0.1426985263824463
0.13180454075336456
0.1346130222082138
0.1291193664073944
0.12000195682048798
0.1110135018825531
0.1296100616455078
0.14629444479942322
0.12595228850841522
0.1372549831867218
0.12294641137123108
0.1287059336900711
0.1174938902258873
0.13556057214736938
0.1310073435306549
0.11653465777635574
0.11983901262283325
0.13228629529476166
0.13019831478595734
0.14121225476264954
0.1542590707540512
0.12438173592090607
0.13322025537490845
0.13267086446285248
0.13439704477787018
0.13436353206634521
0.13751091063022614
0.13633993268013
0.1378597766160965
0.11653705686330795
0.11823497712612152
0.14596235752105713
0.12245704233646393
0.13057257235050201
0.11910606920719147
0.13577206432819366
0.13782542943954468
0.13563232123851776
0.1278584599494934
0.13922664523124695
0.14590156078338623
0.12479986995458603
0.12236576527357101
0.137736514210701
0.13056185841560364
0.12611067295074463
0.13130900263786316
0.12316051870584488
0.12263882905244827
0.12745769321918488
0.14252528548240662
0.1351063847541809
0.12076521664857864
0.12757588922977448
0.14111486077308655
0.13286644220352173
0.11663889139890671
0.13275109231472015
0.1278565675020218
0.12640498578548431
0.13285213708877563
0.13507501780986786
0.11093750596046448
0.1119508370757103
0.1252320408821106
0.1443364918231964
0.11973845213651657
0.13224968314170837
0.13890701532363892
0.11844302713871002
0.13889935612678528
0.13383138179779053
0.11015468835830688
0.1222611591219902
0.1265406310558319
0.12382808327674866
0.12197891622781754
0.11922337114810944
0.13751676678657532
0.14587363600730896
0.1426575630903244
0.13751129806041718
0.1220104917883873
0.1294059157371521
0.13607490062713623
0.12158330529928207
0.15029317140579224
0.12181300669908524
0.1415254771709442
0.12131442129611969
0.13365094363689423
0.11641468107700348
0.11950519680976868
0.12901882827281952
0.12703722715377808
0.1253480464220047
0.1358637809753418
0.12985315918922424
0.15571710467338562
0.13360337913036346
0.14258860051631927
0.13560837507247925
0.12545299530029297
0.12343067675828934
0.12162094563245773
0.13904017210006714
0.12869122624397278
0.12640996277332306
0.12367945909500122
0.13372379541397095
0.1378631442785263
0.1379629522562027
0.11308729648590088
0.13054309785366058
0.13067565858364105
0.14759083092212677
0.1200505793094635
0.14113003015518188
0.11751247197389603
0.13255363702774048
0.12820442020893097
0.13552212715148926
0.12545563280582428
0.12225117534399033
0.12820960581302643
0.14271201193332672
0.12418457120656967
0.12293257564306259
0.14062921702861786
0.13513648509979248
0.14595232903957367
0.10899841785430908
0.11267141997814178
0.12101157009601593
0.12581615149974823
0.13106083869934082
0.1350995898246765
0.12653763592243195
0.11705607920885086
0.12534508109092712
0.125440314412117
0.1342509239912033
0.12086216360330582
0.11985272914171219
0.11616430431604385
0.12471362948417664
0.12354506552219391
0.13438989222049713
0.13409344851970673
0.13883930444717407
0.1299012154340744
0.1291847974061966
0.1128559559583664
0.12467723339796066
0.1357838213443756
0.1303352564573288
0.12996581196784973
0.13035261631011963
0.1284349262714386
0.12339280545711517
0.14933784306049347
0.12776976823806763
0.11553040146827698
0.1094842329621315
0.13304559886455536
0.13288886845111847
0.11043297499418259
0.125117689371109
0.12415389716625214
0.13610303401947021
0.12636056542396545
0.14208126068115234
0.11185075342655182
0.11868524551391602
0.12923967838287354
0.12517590820789337
0.11893543601036072
0.11065967381000519
0.11347512900829315
0.11732156574726105
0.12857596576213837
0.12821011245250702
0.11687380075454712
0.13029807806015015
0.1065739095211029
0.11875464767217636
0.10068503767251968
0.13241221010684967
0.11675035953521729
0.12599819898605347
0.12485472112894058
0.12430916726589203
0.11349156498908997
0.11503029614686966
0.11108872294425964
0.12492507696151733
0.1264144331216812
0.11893422156572342
0.12785704433918
0.12010780721902847
0.12280421704053879
0.12651149928569794
0.1222381591796875
0.12426680326461792
0.1289379894733429
0.11002159118652344
0.12760542333126068
0.11215082556009293
0.12937232851982117
0.12489764392375946
0.12526151537895203
0.12572155892848969
0.10494446009397507
0.13683612644672394
0.12590262293815613
0.10809286683797836
0.11532794684171677
0.11035618931055069
0.1435564011335373
0.11838563531637192
0.1246928796172142
0.11451451480388641
0.12249567359685898
0.1108039990067482
0.10716968774795532
0.11961051821708679
0.1273125261068344
0.1291632205247879
0.15093937516212463
0.13112016022205353
0.12143870443105698
0.12270167469978333
0.10840292274951935
0.11260738223791122
0.11484640836715698
0.11840648949146271
0.14153394103050232
0.12037359923124313
0.12790390849113464
0.12667609751224518
0.14328628778457642
0.14082998037338257
0.1322241723537445
0.11229646950960159
0.12212385982275009
0.12575751543045044
0.1113540381193161
0.12683063745498657
0.13127413392066956
0.12480109184980392
0.12130996584892273
0.12528178095817566
0.13688138127326965
0.13397862017154694
0.11790864914655685
0.10809319466352463
0.12193574756383896
0.12668336927890778
0.11380225419998169
0.13504652678966522
0.10350590944290161
0.14544513821601868
0.12254633754491806
0.12087512761354446
0.12932461500167847
0.13021090626716614
0.12249760329723358
0.11771435290575027
0.12077807635068893
0.12184035032987595
0.12509551644325256
0.12853124737739563
0.13187181949615479
0.11394752562046051
0.1061643585562706
0.11687294393777847
0.12514658272266388
0.12330014258623123
0.12766338884830475
0.10950374603271484
0.12796323001384735
0.12842701375484467
0.12733782827854156
0.1278417557477951
0.11901716887950897
0.11668985337018967
0.13406498730182648
0.13355599343776703
0.10937117785215378
0.12884896993637085
0.10931140929460526
0.1316608041524887
0.1102885827422142
0.11327184736728668
0.13006754219532013
0.1265677511692047
0.12485084682703018
0.12098152935504913
0.12135981768369675
0.11164325475692749
0.12697745859622955
0.13659560680389404
0.12281887233257294
0.10669078677892685
0.11840501427650452
0.12222649902105331
0.11177250742912292
0.12311062961816788
0.13745002448558807
0.1279924511909485
0.12018794566392899
0.141637921333313
0.10253304243087769
0.12582285702228546
0.12564140558242798
0.10964703559875488
0.12048107385635376
0.11498995125293732
0.13809843361377716
0.12157612293958664
0.13577693700790405
0.11960655450820923
0.12251369655132294
0.10613417625427246
0.11532199382781982
0.13902470469474792
0.14017468690872192
0.10989812761545181
0.13800087571144104
0.1332930624485016
0.12562137842178345
0.13479328155517578
0.12235623598098755
0.12239065766334534
0.12845560908317566
0.11361417174339294
0.10852520167827606
0.12150692194700241
0.11964806169271469
0.12073484063148499
0.13071191310882568
0.12435588985681534
0.1118018850684166
0.1281013786792755
0.12424471229314804
0.13105469942092896
0.11429885029792786
0.1166595071554184
0.12279530614614487
0.1334506869316101
0.10834655165672302
0.12254941463470459
0.11228816956281662
0.10258951783180237
0.1309928148984909
0.11817615479230881
0.12142590433359146
0.1150924414396286
0.12994949519634247
0.13251765072345734
0.13638454675674438
0.11179915815591812
0.10944077372550964
0.12161191552877426
0.12624086439609528
0.12316745519638062
0.12075038254261017
0.11744865775108337
0.12535621225833893
0.13703683018684387
0.15077513456344604
0.12727239727973938
0.10943310707807541
0.11926867812871933
0.11207808554172516
0.11102655529975891
0.12689536809921265
0.11391443759202957
0.13819745182991028
0.12097066640853882
0.12624961137771606
0.12350092083215714
0.11630044132471085
0.11626831442117691
0.1341267079114914
0.11392070353031158
0.12078605592250824
0.12729337811470032
0.1128709614276886
0.12780550122261047
0.1168537437915802
0.12051545083522797
0.11015278100967407
0.11436879634857178
0.11784210801124573
0.12652385234832764
0.10433872789144516
0.12250625342130661
0.11619678884744644
0.11172217130661011
0.1319309026002884
0.12693732976913452
0.11356858909130096
0.11253366619348526
0.12472275644540787
0.1432715803384781
0.12638504803180695
0.11574578285217285
0.11129000037908554
0.13027994334697723
0.13008306920528412
0.13258673250675201
0.11132697016000748
0.12614591419696808
0.12615332007408142
0.11824551969766617
0.10692903399467468
0.13665546476840973
0.11321469396352768
0.11593655496835709
0.13299600780010223
0.13553254306316376
0.12943321466445923
0.12475454062223434
0.11422472447156906
0.10910629481077194
0.1160396933555603
0.11783893406391144
0.12065276503562927
0.11489879339933395
0.11535339802503586
0.12154117226600647
0.12209505587816238
0.11294965445995331
0.11617410182952881
0.11731988936662674
0.11802417039871216
0.11572534590959549
0.12150934338569641
0.13408060371875763
0.11339094489812851
0.10415316373109818
0.12440770119428635
0.1288154572248459
0.11927960813045502
0.12097114324569702
0.10896438360214233
0.13371913135051727
0.12203612178564072
0.12315654754638672
0.12168272584676743
0.13347364962100983
0.11821524053812027
0.1067899540066719
0.11363092809915543
0.11532607674598694
0.11164752393960953
0.10970336198806763
0.1259540617465973
0.12022474408149719
0.11971881240606308
0.14077772200107574
0.11309456080198288
0.11951802670955658
0.10740993171930313
0.12607014179229736
0.12317333370447159
0.10874132066965103
0.11167611181735992
0.136507049202919
0.12265454977750778
0.11683229357004166
0.10481341928243637
0.11413779109716415
0.11349441111087799
0.12367187440395355
0.11286803334951401
0.12111398577690125
0.1269179731607437
0.11263381689786911
0.12799948453903198
0.12285047024488449
0.11283282935619354
0.10418831557035446
0.1185540184378624
0.12346410006284714
0.11739298701286316
0.114381805062294
0.11831316351890564
0.10980026423931122
0.14008869230747223
0.10470052063465118
0.11718716472387314
0.11254919320344925
0.11093888431787491
0.11873562633991241
0.12073375284671783
0.11545991897583008
0.12161784619092941
0.10877139866352081
0.1212930902838707
0.1328740268945694
0.11593745648860931
0.12010136991739273
0.11602752655744553
0.11332297325134277
0.12406067550182343
0.13314548134803772
0.114725761115551
0.11271895468235016
0.125743567943573
0.12656544148921967
0.12263695150613785
0.10665331035852432
0.10557612776756287
0.12035518139600754
0.1123681291937828
0.1169031411409378
0.12582068145275116
0.14205694198608398
0.1273311972618103
0.12841610610485077
0.1201297789812088
0.11086508631706238
0.11903676390647888
0.11516911536455154
0.10571745783090591
0.11781514436006546
0.13780467212200165
0.12003649026155472
0.12430346012115479
0.11905782669782639
0.12657976150512695
0.13646842539310455
0.12751823663711548
0.12032204121351242
0.10890667140483856
0.11845981329679489
0.12225405871868134
0.1397307813167572
0.13341593742370605
0.12931475043296814
